DATASET = CO2018 freestyle 
NAME = Instance 1
DAY = 1
NUMBER_OF_TRUCKS = 5
1 2
2 18 32
3 15 22
4 30 10
5 27
NUMBER_OF_TECHNICIANS = 0
DAY = 2
NUMBER_OF_TRUCKS = 17
1 61 16
2 55
3 23
4 11
5 26
6 33
7 4
8 12
9 34
10 5
11 46
12 57 37
13 65
14 69
15 39
16 51 58
17 72
NUMBER_OF_TECHNICIANS = 3
34 32 18 15 30 10
8 27 22
9 2
DAY = 3
NUMBER_OF_TRUCKS = 23
1 19 38
2 31 105
3 24
4 21 73
5 110 47
6 8 36
7 66
8 78
9 70
10 96
11 90
12 50
13 74
14 3
15 7
16 41
17 64
18 67
19 83
20 68
21 100
22 88
23 13
NUMBER_OF_TECHNICIANS = 6
22 69 65
14 57 5 4 37 46
21 12 58 51 39 16
48 33 26 55 11
34 61 23 34
23 72
DAY = 4
NUMBER_OF_TRUCKS = 27
1 144
2 104
3 129 17
4 111 143
5 60
6 95
7 35
8 150
9 20 93
10 29 42
11 77 142
12 145 94
13 9
14 85
15 125 114
16 127 130
17 44 140
18 86
19 109
20 122 137
21 118
22 119
23 59
24 128
25 6 80
26 116
27 108
NUMBER_OF_TECHNICIANS = 9
21 90 50 96 78
34 73 21 110 47
18 83 68 67 64 66
48 70 105 31 8 74
11 100 88 41
2 19
23 13 36 24
24 7 3
40 38
DAY = 5
NUMBER_OF_TRUCKS = 28
1 139
2 62 134
3 148
4 113
5 81
6 138
7 45
8 89
9 52
10 63
11 25 92
12 28 141
13 99 76
14 147
15 131
16 48 136
17 101
18 107
19 117
20 123
21 91
22 53
23 82
24 14
25 146
26 71
27 75
28 120 54
NUMBER_OF_TECHNICIANS = 11
34 20 150
42 145 142 77 42 94 129 29
50 125 85 9
14 137 109 86 114 122 59
48 130 127 17 95 44 140
8 108 80 6 119 93
9 144 35 104 60
2 111
26 128 143
18 116
40 118
DAY = 6
NUMBER_OF_TRUCKS = 7
1 97
2 87 149 84
3 1
4 132
5 40
6 124 106
7 43
NUMBER_OF_TECHNICIANS = 10
34 45 138 25
18 91 53 123 117
14 107 101 146
42 63 52 141 28 134 89
11 92 131 14 120 75 136
9 139 81 148 62 99 113
8 71
23 76 48 54
24 147
40 82
DAY = 7
NUMBER_OF_TRUCKS = 5
1 56 98
2 133
3 49
4 79
5 102 126
NUMBER_OF_TECHNICIANS = 4
42 132 40 1 97 87
23 43
1 149 124 84
8 106
DAY = 8
NUMBER_OF_TRUCKS = 2
1 121 112
2 115 103
NUMBER_OF_TECHNICIANS = 2
23 102 126 98 56
48 79 49 133
DAY = 9
NUMBER_OF_TRUCKS = 1
1 135
NUMBER_OF_TECHNICIANS = 2
1 112
34 115 103 121
DAY = 10
NUMBER_OF_TRUCKS = 0
NUMBER_OF_TECHNICIANS = 1
40 135
