DATASET = CO2018 freestyle 
NAME = Instance 2
DAY = 1
NUMBER_OF_TRUCKS = 3
1 3
2 1 14
3 11 18
NUMBER_OF_TECHNICIANS = 0
DAY = 2
NUMBER_OF_TRUCKS = 5
1 6 32
2 23 5
3 8 26
4 20
5 13
NUMBER_OF_TECHNICIANS = 3
29 18 14
62 1 3
43 11
DAY = 3
NUMBER_OF_TRUCKS = 11
1 21 29
2 30 19
3 35
4 40
5 7
6 12
7 28
8 37 2
9 49
10 48
11 27
NUMBER_OF_TECHNICIANS = 4
22 6
16 32 26 5 20 23
36 8
54 13
DAY = 4
NUMBER_OF_TRUCKS = 19
1 53
2 55
3 9 73
4 56
5 79
6 60
7 16
8 41
9 15
10 57
11 51
12 4
13 62 22
14 47 69
15 31
16 45
17 66
18 33
19 39
NUMBER_OF_TECHNICIANS = 5
52 21 35 40 19
36 30 7 28 12
24 37
29 48 27
41 2 29 49
DAY = 5
NUMBER_OF_TRUCKS = 21
1 104 10
2 24 95
3 87
4 64
5 108
6 72 88
7 17 52
8 25
9 83
10 89
11 42
12 50 36
13 38
14 44
15 46
16 78
17 92
18 65
19 86
20 34
21 98
NUMBER_OF_TECHNICIANS = 7
12 53 55 9
16 73 56 79
69 16 51 15 57 41 60
58 47 62 4
60 45 33 39
43 31 66
62 22 69
DAY = 6
NUMBER_OF_TRUCKS = 17
1 82
2 97
3 141 130
4 58 74
5 61
6 68 59
7 114
8 126 80
9 106
10 133
11 85
12 129
13 75
14 84
15 63
16 111
17 117
NUMBER_OF_TECHNICIANS = 8
67 108 64 95 87
16 104 72 88 17 52
41 46 44 25
24 34 98 38
5 42
62 89 83 36 78
36 50 92 24 10 65
15 86
DAY = 7
NUMBER_OF_TRUCKS = 20
1 128
2 123
3 152
4 81
5 94 71
6 120 138
7 70
8 91
9 135
10 154
11 157 143
12 147
13 144 93
14 116
15 156 124
16 134
17 43
18 110
19 67
20 127
NUMBER_OF_TECHNICIANS = 8
52 141 97 82 130 68
16 114 59 80
9 85 74 133
29 117 84
6 58 61
62 129 126 75
43 111
41 63 106
DAY = 8
NUMBER_OF_TRUCKS = 17
1 112 102
2 96
3 173
4 122
5 175
6 118
7 177
8 107
9 103 172 153
10 161
11 77 146
12 109 131 115
13 164
14 125
15 76
16 159 139
17 158
NUMBER_OF_TECHNICIANS = 9
12 123 152
16 94 81 128 71 70
6 120 138 157 91
28 135 154 124 147
9 156 93 143 116
15 127 67 134
35 144
29 110
58 43
DAY = 9
NUMBER_OF_TRUCKS = 19
1 194
2 148
3 188
4 169
5 163
6 189 132
7 105
8 142
9 167
10 168
11 99 145
12 119
13 165
14 54
15 100
16 113
17 150
18 155
19 171
NUMBER_OF_TECHNICIANS = 8
12 173 118
52 112 96 177 175 122
6 102 107 103
43 164 109 115
60 158 159
36 146 76 161 172 153
24 139
41 131 77 125
DAY = 10
NUMBER_OF_TRUCKS = 20
1 208
2 196
3 182 203
4 191
5 184
6 166
7 193
8 140
9 205
10 198
11 101
12 199
13 192
14 200
15 151
16 170
17 180
18 136 90
19 137
20 202
NUMBER_OF_TECHNICIANS = 6
13 168 132 142 167 165
12 188 163
52 194 105 169 148 189
62 113 119 99 150
36 155 100 54 145
15 171
DAY = 11
NUMBER_OF_TRUCKS = 18
1 217 187
2 213
3 176
4 227
5 210
6 222
7 219 160
8 183
9 201
10 214
11 206
12 121 195
13 181 220
14 209 211
15 221
16 207
17 215 179
18 174
NUMBER_OF_TECHNICIANS = 8
16 182 184 196 208
60 180 151 170 202 137
35 205 203
5 140 192
14 136 199
69 193 198 200 90
67 166
8 191 101
DAY = 12
NUMBER_OF_TRUCKS = 12
1 226 247
2 237
3 255
4 149 218
5 233 229
6 204
7 250
8 212
9 225
10 257
11 248
12 185
NUMBER_OF_TECHNICIANS = 8
52 213 187 217 222 176
13 160 214 210 227 219
5 195 211 220
9 201 206 207
14 179
41 174 121 183 215
58 209 181
69 221
DAY = 13
NUMBER_OF_TRUCKS = 23
1 272
2 244
3 254
4 216 260
5 241 273
6 242
7 234
8 243
9 236
10 238
11 178 230
12 264
13 162
14 231
15 269 186
16 190 265
17 249
18 267
19 274
20 275 252
21 240 197
22 251 246
23 253
NUMBER_OF_TECHNICIANS = 7
12 237 255
6 229 247 226 149
29 225 185
16 233 250 212
36 204 257
65 218
54 248
DAY = 14
NUMBER_OF_TRUCKS = 10
1 224 288 258
2 295
3 280
4 271 223
5 296
6 299
7 262
8 297
9 282
10 256 289
NUMBER_OF_TECHNICIANS = 6
21 254 272 244
36 162 243 236 238
65 241 260 178 216
62 264 242 234 274 267 269 249
44 240 253 246 251 252 275 273 190 186
13 231 230 265 197
DAY = 15
NUMBER_OF_TRUCKS = 11
1 284 286
2 270
3 276 239
4 266
5 278
6 259
7 232
8 292 235
9 245 293
10 228
11 277
NUMBER_OF_TECHNICIANS = 5
16 258 295 288
69 297 299 262 296 224 280 271
24 282 223
15 289
54 256
DAY = 16
NUMBER_OF_TRUCKS = 5
1 291
2 263
3 268
4 290
5 287
NUMBER_OF_TECHNICIANS = 6
9 278 266 239
21 284 276 270 286
62 259 292 293
43 245 235
15 277 232
5 228
DAY = 17
NUMBER_OF_TRUCKS = 2
1 283
2 281 279
NUMBER_OF_TECHNICIANS = 3
6 291 263
8 268
9 287 290
DAY = 18
NUMBER_OF_TRUCKS = 4
1 261
2 298
3 300
4 294 285
NUMBER_OF_TECHNICIANS = 1
41 279 281 283
DAY = 19
NUMBER_OF_TRUCKS = 0
NUMBER_OF_TECHNICIANS = 3
74 261
69 298 294
44 285 300
DAY = 20
NUMBER_OF_TRUCKS = 0
NUMBER_OF_TECHNICIANS = 0
