DATASET = CO2018 freestyle 
NAME = Instance 5
DAY = 1
NUMBER_OF_TRUCKS = 0
NUMBER_OF_TECHNICIANS = 0
DAY = 2
NUMBER_OF_TRUCKS = 3
1 21 0 6 13 0 3 14 0 7
2 26 12 0 32
3 11
NUMBER_OF_TECHNICIANS = 0
DAY = 3
NUMBER_OF_TRUCKS = 0
NUMBER_OF_TECHNICIANS = 6
15 3 14 13 32 6
147 12
100 26
109 21
84 7
29 11
DAY = 4
NUMBER_OF_TRUCKS = 11
1 39 0 38 0 15 0 17 0 8 0 60 61 0 52 68 0 50 56
2 10 0 53 0 23 24 0 4 1 0 40 0 48
3 44 0 22 0 64 0 46 0 43
4 57 66 0 25 20 0 36 27 0 59
5 49 33 0 51 0 41
6 2 0 54 55 30 0 65
7 34 0 37 62 0 67 31
8 35 0 5
9 58 0 16 18
10 42 0 9 28
11 29 19
NUMBER_OF_TECHNICIANS = 0
DAY = 5
NUMBER_OF_TRUCKS = 0
NUMBER_OF_TECHNICIANS = 15
15 50 56 24 39 10
29 35 16 42 18 34 65
32 49 64 66 57 40
109 23 1 4
71 68 44 52 17 53 48
92 55 30 33 31 2
1 43 41 67 27 36 54
4 38 60 9 15 8
80 46 51 28 58 61
38 22
117 37 59 20
105 5
96 25 29
100 19
148 62
DAY = 6
NUMBER_OF_TRUCKS = 7
1 74 91 0 89 0 88 0 99 80 0 105 78 0 76 0 95
2 104 0 103 0 102 0 84 0 94
3 101 0 47 75 0 96 0 71
4 45 86 0 63 87 0 92 98
5 90 100 0 97 73 83
6 82 0 85
7 77 79 0 81 72
NUMBER_OF_TECHNICIANS = 0
DAY = 7
NUMBER_OF_TRUCKS = 4
1 124 0 115 129 0 114 119 0 70 109 0 118
2 116 0 128 0 69 112
3 117 0 107
4 125 122
NUMBER_OF_TECHNICIANS = 11
4 74 99 45 89 91
1 79 86 63 87 102 101
92 71 96 94 76 95
80 97 73 83 80 104
38 88
15 105 78 75 98 92
105 81 72 85
31 47 84 100
130 77
70 90 103
69 82
DAY = 8
NUMBER_OF_TRUCKS = 2
1 144 149 0 106 140 0 142 131
2 134 138
NUMBER_OF_TECHNICIANS = 7
15 115 129 124 128 109
80 112 125 119 114 69
79 107
31 117
96 70
4 116 118
105 122
DAY = 9
NUMBER_OF_TRUCKS = 0
NUMBER_OF_TECHNICIANS = 4
32 140 138 149 144 106
70 134
88 142
50 131
DAY = 10
NUMBER_OF_TRUCKS = 0
NUMBER_OF_TECHNICIANS = 0
DAY = 11
NUMBER_OF_TRUCKS = 13
1 198 0 136 0 168 195 0 111 0 178 0 147 0 174 0 156 0 93 160
2 162 172 0 163 194 0 180 130 0 155 0 150 0 182 0 151 185
3 186 0 126 153 0 188 0 145 0 173 123
4 166 0 132 0 171 0 152
5 157 0 161 199 0 159 184 0 121 175
6 187 139 0 191 0 135 164
7 143 177 0 197 0 167
8 120 170 0 192 0 146
9 108 0 158
10 137 113 0 154 176
11 110 0 169
12 183 133 0 141 148
13 127 165 181
NUMBER_OF_TECHNICIANS = 0
DAY = 12
NUMBER_OF_TRUCKS = 1
1 205
NUMBER_OF_TECHNICIANS = 16
92 154 187 123 182 173
148 191 143 152 184 145 177 164 135 170 167
4 198 136 172 162 195
15 180 130 178 126 111
71 161 186 151 155 199 185
105 148 108 158 113 183
1 132 120 139 188 159
31 156 93 168 147
109 160 150 171
80 192 137 194 163 174
57 153 157 121 166 146
73 110
32 176 141 127 169 197
130 181
69 133
50 175 165
DAY = 13
NUMBER_OF_TRUCKS = 0
NUMBER_OF_TECHNICIANS = 1
71 205
DAY = 14
NUMBER_OF_TRUCKS = 7
1 204 0 209 216 0 215 232 0 214 203 0 220 227
2 258 0 237 0 212 243
3 196 207 0 235 201 0 246
4 206 200 0 226 213
5 211 0 231 251 224
6 252 230
7 236 234
NUMBER_OF_TECHNICIANS = 0
DAY = 15
NUMBER_OF_TRUCKS = 0
NUMBER_OF_TECHNICIANS = 10
50 237 203 214 201 235
32 204 209 215 232 206
80 212 252 243 227 220
15 207 196 200 258 216
106 234 213
105 226
101 236
29 246 224 230
71 251 231
148 211
DAY = 16
NUMBER_OF_TRUCKS = 10
1 264 0 268 0 261 0 267 0 233 279 0 276 0 242 0 275 0 225
2 263 0 248 255 0 265 223 0 269 0 245 0 259 250 0 278
3 272 189 0 221 260 0 277 193 0 210 253 0 179 228
4 247 0 254 0 217 0 266
5 273 0 238 0 229 257 0 219
6 249 0 244 241 0 270 239
7 190 0 202 0 240
8 280 0 271
9 262 0 208 274
10 222 218
NUMBER_OF_TECHNICIANS = 0
DAY = 17
NUMBER_OF_TRUCKS = 0
NUMBER_OF_TECHNICIANS = 15
32 250 269 259 217 228
148 241 239 229 257 254 278 273 238 266 244
15 189 267 272 261 274
4 264 268 248 255 263
1 193 277 245
71 260 223 265 279 233 276
92 270 242 179 225 249
147 221 219
31 247 210 275
33 253
80 202 218 222 271 240
130 208
50 280
57 190
34 262
DAY = 18
NUMBER_OF_TRUCKS = 1
1 290 293
NUMBER_OF_TECHNICIANS = 0
DAY = 19
NUMBER_OF_TRUCKS = 10
1 296 0 318 0 292 0 308 320 0 317 0 285 0 330 0 307
2 325 322 0 298 0 302 0 310 0 297 288 0 327
3 305 0 284 0 283 291 0 321 0 315
4 328 289 0 287 0 281
5 282 0 256 314 0 301 311
6 299 0 323
7 294 313 0 316 304
8 326 295 0 306
9 300 303 0 319 324
10 309 286
NUMBER_OF_TECHNICIANS = 2
71 293
4 290
DAY = 20
NUMBER_OF_TRUCKS = 1
1 333
NUMBER_OF_TECHNICIANS = 13
15 305 309 292 325 322
1 328 283 287 282 291 289
32 288 294 297 310 307
4 296 320 308 298 318
50 327 311 299 284 330
84 281 321
105 319 304 313 323
106 324
80 315 295 326 317 285
92 314 316 256 301 302
130 300 303
73 306
148 286
DAY = 21
NUMBER_OF_TRUCKS = 0
NUMBER_OF_TECHNICIANS = 1
80 333
DAY = 22
NUMBER_OF_TRUCKS = 5
1 332 344 0 338 0 336 370 0 334 0 312 337
2 353 0 341 350 0 360 369 0 335 366
3 345 0 377
4 346 348 0 352 381
5 357 347
NUMBER_OF_TECHNICIANS = 0
DAY = 23
NUMBER_OF_TRUCKS = 0
NUMBER_OF_TECHNICIANS = 8
15 350 341 337 370 336
4 344 332 346 338 353
1 345 334 312 352
80 357 366 335 360 369
130 381
79 347
105 348
92 377
DAY = 24
NUMBER_OF_TRUCKS = 12
1 416 0 408 0 420 426 0 415 402 0 427 390 0 367 0 414 0 413 0 365 394
2 421 0 431 0 342 0 378 0 343 0 424 397 0 373 374
3 422 0 385 371 0 379 400 0 358 0 429 0 363 329
4 351 0 425 0 372 428 389 0 409 340 356 0 383
5 399 417 0 375 0 405 349 0 382 388
6 392 364 0 407 0 359 331 0 362
7 361 406 0 376 0 395 423
8 403 0 380 0 396
9 387 391 0 401 339 0 398 419
10 355 430 0 386 411
11 404 0 393 354
12 384 410
NUMBER_OF_TECHNICIANS = 0
DAY = 25
NUMBER_OF_TRUCKS = 0
NUMBER_OF_TECHNICIANS = 18
1 413 340 356 382 409 358
148 388 407 375 359 406 361 331 362 395 403
32 417 399 374 373 425
4 426 420 421 408 416
15 423 422 427 390 394
70 415 385 371 351 363 400
29 386 387 391 396 339 419 411
57 380 389 428 397 372
92 349 378 414 367 342
80 364 329 343 379 392
109 405 431 424
50 383 402 365 355 376
73 404
79 398 354
38 429
69 401
71 393 410 384
84 430
DAY = 26
NUMBER_OF_TRUCKS = 5
1 441 434 0 440 0 368 443 0 439 0 466 0 412 452
2 437 0 436 0 418 435 0 465
3 462 0 432 447
4 446 0 445 442
5 463 433
NUMBER_OF_TECHNICIANS = 0
DAY = 27
NUMBER_OF_TRUCKS = 0
NUMBER_OF_TECHNICIANS = 9
4 440 441 434 435 437
80 466 446 465 368 443
1 418 447
15 436 439 412 452 432
106 445
109 462
51 433
70 463
29 442
DAY = 28
NUMBER_OF_TRUCKS = 2
1 468 477 0 479
2 481
NUMBER_OF_TECHNICIANS = 0
DAY = 29
NUMBER_OF_TRUCKS = 13
1 486 0 453 0 520 0 469 494 0 513 0 522 0 504 473 0 516 0 455
2 458 0 523 0 448 0 492 489 0 471 0 490 438 0 519
3 470 0 493 496 0 450 0 459 0 500 0 510
4 511 0 485 0 502 464 0 467
5 460 495 0 461 488 0 449 0 444
6 472 499 482 0 507 517 0 506
7 483 0 475 503 0 457
8 512 0 451 484 0 514
9 501 0 509
10 454 0 480
11 474 498 0 476 491
12 456 478 0 518 521
13 487 515 0 505 497
NUMBER_OF_TECHNICIANS = 2
109 477 468
92 479 481
DAY = 30
NUMBER_OF_TRUCKS = 0
NUMBER_OF_TECHNICIANS = 17
32 459 471 455 500 510
4 474 453 486 458 520
96 523 448 470 492 494 469
15 490 438 511 484 513
80 482 444 495 522 499
1 519 507 517 506 483 449
105 509 501 454 480 505
31 488 457 503 475
147 504 473 493
92 467 485 496 516 489
34 464 502 450 461 456 487 518 521 478 451
73 514
28 472
69 512 497
71 491 476 498
88 515
100 460
DAY = 31
NUMBER_OF_TRUCKS = 1
1 524
NUMBER_OF_TECHNICIANS = 0
DAY = 32
NUMBER_OF_TRUCKS = 5
1 571 0 537 0 532 0 549 554 0 550 0 530 551
2 525 565 0 536 529 0 556 0 542 0 528
3 568 0 573 0 547 544
4 540 508 0 539 552
5 562 572 0 546 564 527
NUMBER_OF_TECHNICIANS = 1
32 524
DAY = 33
NUMBER_OF_TRUCKS = 2
1 535 579 0 589 0 580 0 582 581
2 590 0 578 586
NUMBER_OF_TECHNICIANS = 6
1 542 508 530 551 568 544
4 525 571 565 537 536
147 550
92 529 540 573 556 528
71 552 554 549 572 539 562
34 564 527 546 547 532
DAY = 34
NUMBER_OF_TRUCKS = 0
NUMBER_OF_TECHNICIANS = 4
1 582 581
96 589
109 586 590 578 535
4 579 580
DAY = 35
NUMBER_OF_TRUCKS = 11
1 620 0 588 0 583 0 602 0 609 0 591 611 0 560 0 561
2 543 0 587 605 0 604 566 0 621 0 594 559 0 610 0 596
3 567 553 0 558 0 617 0 534 548 0 531
4 614 0 533 0 618 0 541 595 0 592
5 585 0 584 0 526 0 593
6 563 557 0 615 601 0 616 0 600
7 597 612 0 575 0 538
8 607 0 555 606 0 545 599
9 570 0 603 598
10 577 0 569 574
11 608 613
NUMBER_OF_TECHNICIANS = 0
DAY = 36
NUMBER_OF_TRUCKS = 1
1 628
NUMBER_OF_TECHNICIANS = 15
32 548 534 596 557 563
148 616 538 575 600 618 584 526 593 597 612
15 543 605 553 567 561
109 594 614 541 609 583
80 592 606 555 558 566
92 560 587 615 601 607
57 545 620 617 621 531
4 588 602 611 591 604
29 598 608 603
117 585
1 595 533 559
71 610 574 577 569
31 599
100 613
50 570
DAY = 37
NUMBER_OF_TRUCKS = 0
NUMBER_OF_TECHNICIANS = 1
70 628
DAY = 38
NUMBER_OF_TRUCKS = 8
1 662 0 650 0 652 0 659 651 0 647 0 645 0 642 0 643 653
2 576 623 0 660 0 634 639 0 655 637 0 626 625 0 638 624
3 627 0 656 0 635 0 619 663
4 661 0 631 0 657
5 654 0 632 630 0 641 648
6 658 0 629 649
7 633 644 0 622 636
8 640 646
NUMBER_OF_TECHNICIANS = 0
DAY = 39
NUMBER_OF_TRUCKS = 0
NUMBER_OF_TECHNICIANS = 13
57 642 639 634 655 645
15 619 650 660 652 627
1 656 647 635 654
4 662 623 626 659 651
29 646 658 648 657
71 625 629 643 576 638 624
109 636 632 637 631 661
98 653
117 633 644
50 630 663
69 640 649
23 641
148 622
DAY = 40
NUMBER_OF_TRUCKS = 3
1 671 0 684 665 0 667 695 673 0 676
2 689 0 664 687
3 678
NUMBER_OF_TECHNICIANS = 0
DAY = 41
NUMBER_OF_TRUCKS = 0
NUMBER_OF_TECHNICIANS = 6
4 684 665 671 695 667
45 664
59 689
105 676 678
109 673
92 687
DAY = 42
NUMBER_OF_TRUCKS = 5
1 672 0 705 0 668 0 680 703 0 685 708
2 715 670 0 681 686 0 701
3 692 721 0 690 677 683
4 717 709 706 0 691 727
5 712
NUMBER_OF_TECHNICIANS = 0
DAY = 43
NUMBER_OF_TRUCKS = 0
NUMBER_OF_TECHNICIANS = 8
147 705
92 686 668 690 683 677
1 680 708 685 727 703
80 692 709 701 706 721
51 712
38 681
57 670 715 672
148 691 717
DAY = 44
NUMBER_OF_TRUCKS = 11
1 694 0 704 0 749 0 739 0 734 0 674 702 0 725
2 743 0 719 0 733 0 737 0 707 0 682
3 747 0 746 0 669 0 666 0 711 722
4 732 735 0 729 697 0 720 0 675 728
5 718 0 740 699 0 736 0 726
6 713 0 730 0 745 742
7 693 750 0 698 714 0 748
8 679 0 696
9 688 0 716 700 738
10 723 724 0 731 741
11 710 744
NUMBER_OF_TECHNICIANS = 0
DAY = 45
NUMBER_OF_TRUCKS = 0
NUMBER_OF_TECHNICIANS = 12
32 740 697 707 666 718
1 669 711 722 731 682 737
15 694 704 749 725 732
50 720 714 734 698 746
80 726 710 713 739 702
92 729 693 750 699 742
4 747 719 743 674 733
148 728 723 688 741 724 730 735 675 736 745
105 696 679
69 738 716 700
29 748
71 744
DAY = 46
NUMBER_OF_TRUCKS = 0
NUMBER_OF_TECHNICIANS = 0
DAY = 47
NUMBER_OF_TRUCKS = 0
NUMBER_OF_TECHNICIANS = 0
DAY = 48
NUMBER_OF_TRUCKS = 0
NUMBER_OF_TECHNICIANS = 0
DAY = 49
NUMBER_OF_TRUCKS = 0
NUMBER_OF_TECHNICIANS = 0
DAY = 50
NUMBER_OF_TRUCKS = 0
NUMBER_OF_TECHNICIANS = 0
