DATASET = CO2018 freestyle 
NAME = Instance 8
DAY = 1
NUMBER_OF_TRUCKS = 2
1 3 13
2 8
NUMBER_OF_TECHNICIANS = 0
DAY = 2
NUMBER_OF_TRUCKS = 9
1 5 29
2 7 11
3 9 18
4 17
5 24 26
6 27
7 32 35
8 34
9 37
NUMBER_OF_TECHNICIANS = 2
13 13
10 3 8
DAY = 3
NUMBER_OF_TRUCKS = 12
1 6
2 14 28
3 19 22
4 21 41
5 31
6 38
7 42
8 43
9 44
10 48
11 49
12 57 58
NUMBER_OF_TECHNICIANS = 8
79 37 18 9
13 17 27 35
55 7
10 24 34 5
30 32
80 26
49 11
45 29
DAY = 4
NUMBER_OF_TRUCKS = 13
1 4
2 10 50
3 12
4 16
5 45 77
6 46
7 47 65
8 52 79
9 53
10 62
11 63
12 71
13 73
NUMBER_OF_TECHNICIANS = 6
79 48 6 49 44 14 57
66 28
10 42 22 43 21 38
45 31
13 19 41
94 58
DAY = 5
NUMBER_OF_TRUCKS = 14
1 1
2 15
3 23
4 25
5 51
6 54
7 56
8 59 85
9 60 69
10 61
11 64 67
12 74
13 83
14 95
NUMBER_OF_TECHNICIANS = 7
79 50 10 71 46 79 4
33 47
80 63 16 65 62 52
51 77 12
10 45
14 53
94 73
DAY = 6
NUMBER_OF_TRUCKS = 19
1 2 113
2 20
3 30
4 33
5 36
6 39
7 40 84
8 72 86
9 75
10 76
11 82 87
12 88 103
13 91 94
14 97
15 99 102
16 100 119
17 104
18 117
19 118
NUMBER_OF_TECHNICIANS = 5
79 23 61 1 95 51 59
49 25 67
45 83 85 56 64 60
51 15
80 54 74 69
DAY = 7
NUMBER_OF_TRUCKS = 15
1 68
2 70 123
3 80
4 81
5 92
6 93
7 98 112
8 101
9 107 122
10 111
11 114
12 121
13 127
14 131
15 139
NUMBER_OF_TECHNICIANS = 7
10 33 94 91 36 104 119 99 113 82
79 75 2 102
97 84 40 76 103 30 88
33 86 118
45 20 87 97
36 72
13 100 39 117
DAY = 8
NUMBER_OF_TRUCKS = 18
1 55
2 78
3 90 150
4 96
5 109 154
6 116
7 124 153
8 125 163
9 129
10 130 142
11 136
12 137
13 138
14 140
15 141 144
16 145
17 156
18 157
NUMBER_OF_TECHNICIANS = 7
51 70 123 68 107 122
66 93 121
45 81 127 101 139 112 92
49 131
90 111
94 114 80
67 98
DAY = 9
NUMBER_OF_TRUCKS = 15
1 66 162 89
2 106
3 108 171
4 110
5 120 159
6 126 173
7 133
8 149
9 152
10 164
11 167
12 168
13 170
14 180
15 183
NUMBER_OF_TECHNICIANS = 8
13 116 145 109 154 138
51 156 150 136 78
80 137 129 157 130 142
97 96 141 144 90 140
93 153
82 55 125
67 163
36 124
DAY = 10
NUMBER_OF_TRUCKS = 13
1 105
2 128 189
3 132
4 135 181
5 143 172
6 147
7 155 161
8 165
9 177
10 185 202
11 195 196
12 199
13 201
NUMBER_OF_TECHNICIANS = 8
14 170 162 66
67 173 159 110 126 108
51 152 149
66 89 133
10 164 183 167 120
82 180 168
30 106
90 171
DAY = 11
NUMBER_OF_TRUCKS = 15
1 115
2 151 179
3 160
4 169
5 175
6 178
7 184 197
8 186
9 187 211
10 193
11 200 207
12 204
13 209
14 214
15 215
NUMBER_OF_TECHNICIANS = 6
79 165 132 105
80 189 135 128 143 147
27 161 201 155
82 177 172
94 196 181 195
67 199 185 202
DAY = 12
NUMBER_OF_TRUCKS = 10
1 134 203
2 166
3 176
4 182
5 188
6 192 216
7 198
8 208 237
9 223
10 233
NUMBER_OF_TECHNICIANS = 6
27 160 204 175 214 187
45 151 179 186 207 184 193
93 211
79 209 115 197
50 200
98 215 178 169
DAY = 13
NUMBER_OF_TRUCKS = 20
1 146
2 148
3 158 228
4 174 230
5 190 224
6 205 236
7 212
8 213
9 217 231
10 220
11 222
12 225
13 226
14 235
15 238
16 242
17 244
18 246
19 250
20 255
NUMBER_OF_TECHNICIANS = 5
66 233
45 192 198 188 203 166 237
93 182
13 176 223 208 134
94 216
DAY = 14
NUMBER_OF_TRUCKS = 11
1 191 253
2 194 278
3 206 219
4 210 221
5 218 254
6 227 268
7 234 267
8 243
9 257
10 265
11 274 277
NUMBER_OF_TECHNICIANS = 9
79 242 222 235 213 244 236
27 228 158 220 238
51 226 217 225
45 212 231 146 255 230
82 174 148
13 250 205
67 224
93 246
90 190
DAY = 15
NUMBER_OF_TRUCKS = 23
1 229
2 232
3 241
4 245
5 248
6 249
7 251
8 259
9 260 299 297
10 261
11 266
12 270
13 271
14 273
15 276 280
16 279
17 284
18 289
19 291
20 294
21 295
22 298
23 300
NUMBER_OF_TECHNICIANS = 5
27 274 257 218
97 267 234 278 210 219 206
10 253 221 277 254
66 268 243 265
50 191 194 227
DAY = 16
NUMBER_OF_TRUCKS = 12
1 252
2 258 301
3 264
4 275
5 287 288
6 293 317
7 306
8 308
9 309 321
10 310
11 318
12 322
NUMBER_OF_TECHNICIANS = 8
79 273 259 229 241 271 249
10 276 270 297 260 299 294
33 232 266 261
82 279 251
51 280 245 284
52 300 248
13 289 298
23 291 295
DAY = 17
NUMBER_OF_TRUCKS = 12
1 240 262
2 256 331
3 263 332
4 281 302
5 283
6 303
7 304
8 313
9 320
10 323
11 325
12 329
NUMBER_OF_TECHNICIANS = 6
45 308 306 309 293 301 287
13 264 258 288 317
23 318
90 322 252
93 275 321
97 310
DAY = 18
NUMBER_OF_TRUCKS = 14
1 239 341
2 247
3 272
4 282 319
5 290
6 292 335
7 311 334
8 312 315
9 314 349
10 330
11 337 352
12 354
13 356
14 357
NUMBER_OF_TECHNICIANS = 5
27 283 303 313 320
45 256 323 329 240 281
67 331 304 325 262 302
73 332
79 263
DAY = 19
NUMBER_OF_TRUCKS = 13
1 269 343
2 285 358
3 296 367
4 316
5 324 345
6 338
7 340
8 347
9 351
10 355
11 359
12 370
13 372
NUMBER_OF_TECHNICIANS = 5
50 282 314 356 319 330 290
51 354 357 312 315 239
67 335 247 352 341 292
66 311 334
73 272 349 337
DAY = 20
NUMBER_OF_TRUCKS = 12
1 286
2 305 376
3 307
4 327 339
5 336
6 344 377
7 350
8 361 371
9 363
10 366
11 373
12 375
NUMBER_OF_TECHNICIANS = 7
15 347 372 355 269 370
51 340 338 367 296
13 345
82 358 324
30 316 359
33 343 351
90 285
DAY = 21
NUMBER_OF_TRUCKS = 14
1 326
2 328
3 333
4 342 387
5 346 378
6 353 401
7 360
8 362
9 365
10 381 389
11 382
12 384
13 385
14 399
NUMBER_OF_TECHNICIANS = 5
51 336 350 307 371 361
66 305
45 377 339 327
73 363 286 344 375 366 376
94 373
DAY = 22
NUMBER_OF_TRUCKS = 13
1 348
2 368
3 369
4 374
5 379
6 390
7 393 404
8 395
9 397
10 400
11 405
12 406
13 407 412
NUMBER_OF_TECHNICIANS = 8
15 401 360 333
92 399
82 387 389 346
27 328 326
67 381 362 342
50 385 378 353
52 384 382
89 365
DAY = 23
NUMBER_OF_TRUCKS = 11
1 364 427
2 386
3 394
4 396
5 403 409
6 413 433
7 419
8 422
9 428
10 430
11 431
NUMBER_OF_TECHNICIANS = 5
79 397 400 395 374 390 406
67 405 348 393 379 368
73 369
80 404
55 407 412
DAY = 24
NUMBER_OF_TRUCKS = 8
1 383
2 388 392
3 391 448
4 398 410
5 420 444
6 424
7 441
8 443
NUMBER_OF_TECHNICIANS = 7
79 427 422 431
27 428 409
90 433
30 394
80 364 419
13 396 403 430 386
67 413
DAY = 25
NUMBER_OF_TRUCKS = 7
1 380 439
2 411 436
3 414 447
4 415
5 421 429
6 423 446
7 425 435
NUMBER_OF_TECHNICIANS = 5
73 383 443 448
13 388 444
89 391 392
50 424 420 441
30 398 410
DAY = 26
NUMBER_OF_TRUCKS = 8
1 402
2 408
3 416 432
4 417
5 418 449
6 434 440
7 442
8 445
NUMBER_OF_TECHNICIANS = 6
33 415 439 429
80 414 436
13 435 447 446
27 421
10 425 423
82 411 380
DAY = 27
NUMBER_OF_TRUCKS = 1
1 426
NUMBER_OF_TECHNICIANS = 6
82 402
51 408 417 445
27 416 442
13 449
94 434 440 418
92 432
DAY = 28
NUMBER_OF_TRUCKS = 2
1 437
2 438
NUMBER_OF_TECHNICIANS = 1
45 426
DAY = 29
NUMBER_OF_TRUCKS = 1
1 450
NUMBER_OF_TECHNICIANS = 1
15 437 438
DAY = 30
NUMBER_OF_TRUCKS = 0
NUMBER_OF_TECHNICIANS = 1
45 450
