DATASET = CO2018 freestyle 
NAME = Instance 9
DAY = 1
NUMBER_OF_TRUCKS = 9
1 6
2 16
3 15
4 2
5 3
6 1
7 10
8 4 8
9 12
NUMBER_OF_TECHNICIANS = 0
DAY = 2
NUMBER_OF_TRUCKS = 13
1 37
2 11
3 29 9
4 39
5 20
6 18
7 17
8 21
9 33
10 14
11 34
12 22 26
13 35
NUMBER_OF_TECHNICIANS = 5
125 15 3 2 6
124 1 10
80 16
92 4
29 12 8
DAY = 3
NUMBER_OF_TRUCKS = 4
1 40
2 44
3 30
4 49 23
NUMBER_OF_TECHNICIANS = 8
46 37
21 11
111 39 9 29
47 14 33 17 20 21
6 22
42 18
22 34
69 35 26
DAY = 4
NUMBER_OF_TRUCKS = 14
1 7
2 59
3 31
4 60
5 36 41
6 38
7 32 63
8 54
9 66
10 28
11 47
12 52
13 24
14 50
NUMBER_OF_TECHNICIANS = 3
88 23
3 30 49
13 44 40
DAY = 5
NUMBER_OF_TRUCKS = 11
1 46
2 56 62 73
3 61
4 42
5 78
6 64 45
7 81
8 13 79
9 67
10 69
11 58 25
NUMBER_OF_TECHNICIANS = 8
10 7 59
27 28 63 66 54
121 36 41 60
32 38
15 31
106 47 52 24
5 32
47 50
DAY = 6
NUMBER_OF_TRUCKS = 11
1 75
2 84 93
3 5 96
4 86
5 48
6 68
7 91 43
8 83
9 55
10 27
11 19
NUMBER_OF_TECHNICIANS = 9
32 42
10 62 46 56
107 78 61
87 79 69 64 45 81
98 58
70 13
24 73
30 67
69 25
DAY = 7
NUMBER_OF_TRUCKS = 15
1 110
2 53
3 92
4 90
5 88
6 72
7 112
8 99
9 76 57
10 113
11 108
12 103 105
13 65
14 116 89
15 100
NUMBER_OF_TECHNICIANS = 7
111 75 93 86
70 83
125 91 68 84
32 96 5 43
39 27
55 19
68 55 48
DAY = 8
NUMBER_OF_TRUCKS = 14
1 77
2 128 130
3 71 101
4 70
5 102
6 94 131
7 82
8 129
9 109
10 98
11 114
12 123
13 124
14 95
NUMBER_OF_TECHNICIANS = 10
41 76 92 90
72 99 72 112
123 57 103 113
73 89
88 105
19 110 108
97 65 116
125 88
4 53
69 100
DAY = 9
NUMBER_OF_TRUCKS = 8
1 146
2 139
3 51
4 125
5 97
6 127 74
7 140
8 141
NUMBER_OF_TECHNICIANS = 9
111 128 71 101 130
107 131 94 70
84 129 82
112 114 123
108 102
74 124
105 109
56 77 98
69 95
DAY = 10
NUMBER_OF_TRUCKS = 12
1 87 159
2 145
3 122 115
4 158
5 80
6 150
7 118
8 119
9 111 142
10 162
11 156
12 120
NUMBER_OF_TECHNICIANS = 7
72 97 127
56 139
21 146
41 125 51
55 74
97 140
33 141
DAY = 11
NUMBER_OF_TRUCKS = 17
1 153
2 104
3 163
4 136
5 179
6 135
7 117
8 170
9 166 138
10 106
11 126
12 134
13 175
14 165
15 137
16 180
17 85
NUMBER_OF_TECHNICIANS = 7
107 158 145
111 87 122 159
58 142
84 118 111 80 115
55 150
51 162 119 156
69 120
DAY = 12
NUMBER_OF_TRUCKS = 14
1 132 171
2 203
3 185
4 192
5 121
6 144
7 107
8 167 184
9 149
10 189
11 148
12 182
13 161 133
14 172
NUMBER_OF_TECHNICIANS = 7
34 134 126 138 137 175
120 179 117 106
66 153 104
112 165 180
124 170 136
7 163 135
87 85 166
DAY = 13
NUMBER_OF_TRUCKS = 20
1 199
2 202
3 147
4 187
5 194
6 151
7 210
8 211
9 207
10 178
11 209
12 177
13 160
14 196
15 155
16 208
17 169
18 152
19 164 173
20 143
NUMBER_OF_TECHNICIANS = 9
111 203 171 132
106 148 184 167 149
24 192
125 144 107 121
88 182
7 185
83 172 161
42 189
29 133
DAY = 14
NUMBER_OF_TRUCKS = 10
1 219
2 157
3 188
4 213
5 200 221
6 154 181
7 212
8 197 168
9 183 223
10 174
NUMBER_OF_TECHNICIANS = 7
75 199 147 187 202 194
106 164 152 208
125 151 178 209
4 210 207 211
27 196 155 160
97 169 173
87 177 143
DAY = 15
NUMBER_OF_TRUCKS = 17
1 186
2 176
3 195 218
4 215 225
5 193
6 250
7 246
8 227
9 191
10 235
11 249
12 190
13 198
14 205
15 206
16 224
17 233
NUMBER_OF_TECHNICIANS = 8
60 157
107 154 221 200 213
93 219
106 168 197 212
123 181
9 223
25 188 174
42 183
DAY = 16
NUMBER_OF_TRUCKS = 17
1 220 241
2 261
3 270
4 242
5 272
6 253 273
7 230
8 228 264
9 222 277
10 244
11 258 260
12 214
13 254
14 256
15 252 201
16 234
17 204
NUMBER_OF_TECHNICIANS = 8
84 198 249 191
68 225 250
34 193 246 205 190
121 176 195 186
112 235 227
40 215
30 233
37 218 206 224
DAY = 17
NUMBER_OF_TRUCKS = 14
1 278 239
2 216
3 259 286
4 281
5 269
6 251
7 231
8 229
9 266 226
10 292 245
11 248
12 276 263
13 262
14 265
NUMBER_OF_TECHNICIANS = 8
6 204
111 261 241 270
13 230 272 242 253
97 256 254 214
48 277 264 228 258
26 220 273
92 252 201 234 260
113 222 244
DAY = 18
NUMBER_OF_TRUCKS = 20
1 290
2 283
3 294
4 236 237
5 298 310
6 299
7 267
8 275
9 301
10 289
11 238
12 296
13 308
14 280
15 291
16 232
17 285
18 287
19 243
20 307
NUMBER_OF_TECHNICIANS = 7
68 251 281
87 231 229 226 266
24 286
10 278 239 259 216
88 292 262
28 276 248 269 263
69 245 265
DAY = 19
NUMBER_OF_TRUCKS = 8
1 217 274
2 304
3 293 247
4 309 295
5 297
6 257
7 311 288
8 240
NUMBER_OF_TECHNICIANS = 9
72 275 267 299
111 290 283
96 291 280 296 308
125 294 237 298 310 236
106 232 287 285
70 301
74 307
30 238
92 243 289
DAY = 20
NUMBER_OF_TRUCKS = 18
1 317
2 333
3 318
4 324 320
5 323
6 313
7 305
8 282
9 322
10 339
11 284 341
12 268
13 326
14 319
15 303
16 331
17 271
18 340 330
NUMBER_OF_TECHNICIANS = 5
107 293 247 309 295
121 217 304 274
92 240 297 311
42 257
47 288
DAY = 21
NUMBER_OF_TRUCKS = 11
1 255
2 351
3 348 325
4 334
5 338
6 343
7 279 328
8 336
9 321
10 300
11 335
NUMBER_OF_TECHNICIANS = 9
37 305 339 322 318 320
9 271
30 319 326 268 303
55 331
10 317 333
39 313
121 324 284
92 340 330 323 282
69 341
DAY = 22
NUMBER_OF_TRUCKS = 10
1 358
2 345
3 342
4 312
5 302
6 344
7 316
8 372
9 306
10 350
NUMBER_OF_TECHNICIANS = 6
99 336
5 343 338 300
24 255
37 279 321 328 335 351
30 325
1 348 334
DAY = 23
NUMBER_OF_TRUCKS = 13
1 353
2 314
3 332 368
4 354 380
5 362 363
6 347 373
7 329
8 387
9 365 360
10 355
11 327
12 366 371
13 349
NUMBER_OF_TECHNICIANS = 5
59 312 372
96 302 306
38 344
113 358 345 342 316
69 350
DAY = 24
NUMBER_OF_TRUCKS = 8
1 379
2 389
3 370 399
4 383
5 352 356
6 391
7 315 396
8 337
NUMBER_OF_TECHNICIANS = 10
32 380
107 329 347 373
111 368 332 353 354
68 387 360 365
98 371 327
121 362 314
3 355
96 363
106 349
97 366
DAY = 25
NUMBER_OF_TRUCKS = 10
1 361 367
2 382 421
3 420
4 388
5 409 381
6 398 346
7 386 401
8 404
9 357
10 426 378
NUMBER_OF_TECHNICIANS = 6
111 389 383
9 337
93 370
96 396
113 391 399 379 352
78 315 356
DAY = 26
NUMBER_OF_TRUCKS = 20
1 403 394
2 407
3 374
4 422 377
5 424 384
6 402
7 436
8 385
9 359 393
10 392
11 390 415
12 425
13 410
14 439
15 417
16 418
17 433
18 400
19 431 432
20 440
NUMBER_OF_TECHNICIANS = 6
125 361 382 421 388
120 381 409 386 401
111 367 398 420
78 404
58 378 357
9 346 426
DAY = 27
NUMBER_OF_TRUCKS = 13
1 453
2 465
3 364 437
4 428
5 441 406
6 376
7 413 464
8 395 449
9 411 450
10 452
11 455
12 369
13 454 375
NUMBER_OF_TECHNICIANS = 10
107 394 422 377 402
41 374 407 424 384
57 425 439 410 431
55 417 392
23 385
106 415 390 400 393
97 436 418 432
6 440
112 359
90 403 433
DAY = 28
NUMBER_OF_TRUCKS = 23
1 466
2 477
3 427
4 479 412
5 451
6 480
7 481 416
8 462
9 405
10 457 467
11 447
12 470
13 459
14 414
15 423
16 463
17 408
18 435
19 434
20 448
21 397
22 469
23 445
NUMBER_OF_TECHNICIANS = 8
107 441 428 406
125 364 465 453
83 450
97 449 395 455 369
106 411 452
6 375 413 454
41 437 376
96 464
DAY = 29
NUMBER_OF_TRUCKS = 13
1 429
2 461
3 490
4 492
5 468
6 443 486
7 442 419
8 497
9 458 482
10 484
11 495
12 476 494
13 460
NUMBER_OF_TECHNICIANS = 10
107 467 416 457 405
4 477 451 466
56 412 427
125 462 481 479
55 448
97 435 423 414
87 470 447 459 463
6 445 469
105 480
51 408 397 434
DAY = 30
NUMBER_OF_TRUCKS = 15
1 475
2 515
3 511
4 517
5 473
6 456
7 487
8 508
9 483
10 474
11 505
12 472 444
13 485
14 519
15 471
NUMBER_OF_TECHNICIANS = 8
107 442 419 443 486
125 468 492 490
84 484 497 476
112 495 494 458
38 482
43 429
20 461
92 460
DAY = 31
NUMBER_OF_TRUCKS = 18
1 501 524
2 532
3 446
4 534
5 538
6 509
7 514 520
8 500
9 478
10 430
11 510 498
12 512
13 502 523
14 513
15 438
16 516
17 521
18 507 526
NUMBER_OF_TECHNICIANS = 8
2 475 515
34 505 474 483 519 485
111 517 456 473 511
24 487
9 471
63 508
57 472
92 444
DAY = 32
NUMBER_OF_TRUCKS = 14
1 493
2 506
3 544
4 496
5 503 535
6 555
7 551
8 489
9 548 488
10 528
11 536
12 530 554
13 491
14 522
NUMBER_OF_TECHNICIANS = 11
44 538 534 514 520 478
41 446 509 430
111 501 532 524
106 502 498 512 523
58 438
38 513
88 507
5 510
78 516
47 521 526
1 500
DAY = 33
NUMBER_OF_TRUCKS = 11
1 561 570
2 545 504
3 518
4 549
5 531
6 525 540
7 560
8 542 557
9 547 566
10 499 543
11 552
NUMBER_OF_TECHNICIANS = 9
27 551 489 548 555
125 506 496
26 493
74 530
83 536
68 528 488 503
38 491
4 544
36 554 535 522
DAY = 34
NUMBER_OF_TRUCKS = 19
1 579 595
2 574 591
3 583
4 527
5 576
6 569
7 553
8 533
9 575
10 600
11 537 541
12 568 563
13 565
14 597 587
15 564
16 598
17 529 596
18 558
19 585
NUMBER_OF_TECHNICIANS = 7
111 518 570 561 545
58 543
37 525 549 504 540 557 542 499
30 547 566
57 560
29 552
1 531
DAY = 35
NUMBER_OF_TRUCKS = 5
1 573 593
2 550
3 556
4 589
5 588
NUMBER_OF_TECHNICIANS = 11
107 600 575
13 569 576 527 574 553
106 564 565
121 591 579 537 533
55 541
88 558 598 529
1 597 583
38 596 587
54 563
70 568 595
69 585
DAY = 36
NUMBER_OF_TRUCKS = 9
1 571
2 592
3 581 577
4 584
5 546
6 578
7 582
8 594
9 586
NUMBER_OF_TECHNICIANS = 3
111 593 550 573
96 589
59 588 556
DAY = 37
NUMBER_OF_TRUCKS = 4
1 539 562
2 567
3 580
4 599
NUMBER_OF_TECHNICIANS = 6
111 592 571
87 578 582 586 577
105 584
4 581
48 594
120 546
DAY = 38
NUMBER_OF_TRUCKS = 3
1 590
2 559
3 572
NUMBER_OF_TECHNICIANS = 3
121 539 562 580
13 567
55 599
DAY = 39
NUMBER_OF_TRUCKS = 0
NUMBER_OF_TECHNICIANS = 3
32 590
42 559
98 572
DAY = 40
NUMBER_OF_TRUCKS = 0
NUMBER_OF_TECHNICIANS = 0
