DATASET = CO2018 freestyle 
NAME = Instance 7
DAY = 1
NUMBER_OF_TRUCKS = 0
NUMBER_OF_TECHNICIANS = 0
DAY = 2
NUMBER_OF_TRUCKS = 24
1 16 10
2 34
3 19
4 21
5 27 14
6 23 17
7 2
8 7
9 20
10 29
11 25 18
12 31 9
13 13 28
14 8 22
15 12 24
16 15 11
17 37 30
18 1 3
19 35
20 26
21 33 5
22 4
23 36
24 6
NUMBER_OF_TECHNICIANS = 0
DAY = 3
NUMBER_OF_TRUCKS = 0
NUMBER_OF_TECHNICIANS = 9
9 36 34 27 13 21 4
74 28 24 12 14 18 20 11
32 3 1 15 8 16
2 29 22 7 17 5 19
7 31 10
70 25 26 35 9 6
28 30
72 23
5 2 37 33
DAY = 4
NUMBER_OF_TRUCKS = 12
1 60 74
2 62
3 69
4 57
5 79
6 45 63
7 32 40
8 65 55
9 44
10 56 77
11 39
12 58 78
NUMBER_OF_TECHNICIANS = 0
DAY = 5
NUMBER_OF_TRUCKS = 0
NUMBER_OF_TECHNICIANS = 5
74 77 44 56 69 57 45 63
44 60 55 65 39 62 79 74
60 40
40 58
32 32 78
DAY = 6
NUMBER_OF_TRUCKS = 3
1 99
2 105
3 92 104
NUMBER_OF_TECHNICIANS = 0
DAY = 7
NUMBER_OF_TRUCKS = 58
1 90
2 54
3 93
4 48
5 53
6 130
7 132
8 115
9 139
10 38 75 114
11 59
12 87 52
13 72
14 121
15 122
16 46 97
17 124
18 82
19 89 88
20 50
21 109
22 118
23 47 98
24 61
25 42
26 73
27 67
28 70
29 80
30 68
31 117
32 94
33 43
34 51
35 119
36 85
37 123
38 91
39 142
40 111
41 86
42 41
43 143
44 84
45 64
46 116
47 102
48 112
49 71 110
50 95
51 106
52 101
53 83
54 120 141
55 81
56 49 76
57 107 66
58 113
NUMBER_OF_TECHNICIANS = 2
70 92 99
55 104 105
DAY = 8
NUMBER_OF_TRUCKS = 0
NUMBER_OF_TECHNICIANS = 12
70 116 84 110 89 95
3 139 109 61 54 48 53 130
62 115 93 106 80 121 75 114 98 47 38
7 111 68 82 97 51
32 46 52 87 71 118
17 141 120 88 66 113
2 132 72 122 81 112 76
72 42 67 94 85 41 101
42 124 73 86 123 142 83 64
55 107 49 102 90 59 70 117 43 119
20 143
58 91 50
DAY = 9
NUMBER_OF_TRUCKS = 3
1 162 163
2 150
3 156 155
NUMBER_OF_TECHNICIANS = 0
DAY = 10
NUMBER_OF_TRUCKS = 66
1 198
2 174
3 167
4 179
5 200
6 202
7 165
8 176
9 160 137
10 169
11 152
12 173
13 164 145
14 170
15 184
16 100
17 181
18 182
19 133
20 203
21 126 146
22 195
23 208
24 188
25 206
26 161 136
27 172
28 201
29 185
30 196
31 108
32 159
33 166
34 168
35 158
36 183
37 187
38 194
39 128
40 149
41 157
42 177
43 151
44 178
45 125
46 192
47 148
48 186
49 191
50 96
51 131
52 189
53 127
54 197
55 193 129
56 190 204
57 207
58 153 134
59 140
60 103 205
61 135
62 144
63 175
64 199
65 154 147
66 138
NUMBER_OF_TECHNICIANS = 3
43 162
28 163 155
2 156 150
DAY = 11
NUMBER_OF_TRUCKS = 5
1 214 229
2 234 232
3 230
4 231 217
5 233
NUMBER_OF_TECHNICIANS = 15
42 200 202 173 206 169 167 201
3 195 133 182 160 184 137 145
16 172 144 207 198 164
32 136 161 177 151 125
63 152 186 135 175 127 148
44 192 178 185 183 108 154 149
55 134 194 181 103 205 191 157 165 170
5 197 100 140 203 96 147
2 126 146 159 153 176 174
7 131 158
74 179 189 129 208 188
15 166 128 196 187 204
40 190 199
70 168 193
17 138
DAY = 12
NUMBER_OF_TRUCKS = 0
NUMBER_OF_TECHNICIANS = 3
16 230 234 232
40 214 231
70 233 229 217
DAY = 13
NUMBER_OF_TRUCKS = 46
1 215
2 248
3 276
4 220
5 266
6 236
7 261 216
8 253
9 265
10 249
11 212 238
12 218 260
13 280
14 219 226
15 235
16 256
17 275
18 224 255
19 180 273
20 171 258
21 225 268
22 263
23 278 210
24 272
25 252 223
26 274
27 264 271
28 211 267
29 242
30 270
31 244
32 262
33 245
34 227 239
35 246
36 279 228
37 213 240
38 243
39 251 254
40 277
41 257
42 221
43 247
44 237
45 269 222
46 259 241
NUMBER_OF_TECHNICIANS = 0
DAY = 14
NUMBER_OF_TRUCKS = 0
NUMBER_OF_TECHNICIANS = 15
16 218 221 215 249 266
74 260 238 212 256 226 253 276
9 242 227 239 245 270 210
42 241 254 251 243 257 222 247
2 277 171 246 273 228 240
32 279 220 235 180 219
7 275 263 259 262 244
29 269
59 237 278 213 261 216 272 274 268 225
15 211 236 252 280 248
10 264 258
49 267 223
65 255
72 265
55 271 224
DAY = 15
NUMBER_OF_TRUCKS = 15
1 299
2 283 300
3 209 292
4 282
5 296 290
6 250 298
7 287
8 288 297
9 289
10 285 293
11 286
12 291
13 281
14 284 295
15 294
NUMBER_OF_TECHNICIANS = 0
DAY = 16
NUMBER_OF_TRUCKS = 0
NUMBER_OF_TECHNICIANS = 6
70 287 282 300 283 293
74 299 286 290 297 281 291 294
65 298 295
7 285 250 296
63 288 209
44 289 284 292
DAY = 17
NUMBER_OF_TRUCKS = 0
NUMBER_OF_TECHNICIANS = 0
DAY = 18
NUMBER_OF_TRUCKS = 0
NUMBER_OF_TECHNICIANS = 0
DAY = 19
NUMBER_OF_TRUCKS = 0
NUMBER_OF_TECHNICIANS = 0
DAY = 20
NUMBER_OF_TRUCKS = 0
NUMBER_OF_TECHNICIANS = 0
