DATASET = CO2018 freestyle 
NAME = Instance 6
DAY = 1
NUMBER_OF_TRUCKS = 5
1 6 18 28
2 14 32
3 31 33
4 3 8
5 19 9
NUMBER_OF_TECHNICIANS = 0
DAY = 2
NUMBER_OF_TRUCKS = 9
1 29 38 59 24 27
2 12 34 37 47
3 35 16
4 61 53 13
5 25 64
6 2 52
7 48 17 26
8 39 62
9 36 58
NUMBER_OF_TECHNICIANS = 4
6 28 18 6
47 33 9 31
20 14 32 8 19
30 3
DAY = 3
NUMBER_OF_TRUCKS = 12
1 4 68 54
2 75 60 97
3 78 99
4 50 56 20
5 69 105 106
6 114 41 67
7 112
8 46
9 96 15
10 63 72 76 107
11 21
12 40 42
NUMBER_OF_TECHNICIANS = 9
5 47 34 12 13
17 26 17 64 25 35
40 39 2
25 62 27
20 37 52 16 24 29
19 48
27 59 38 53 36
10 61
9 58
DAY = 4
NUMBER_OF_TRUCKS = 17
1 136 134
2 127
3 66 81
4 130 131
5 98 111
6 101 122
7 84 145 140
8 22 94
9 102
10 116 5 133
11 83 144
12 89 108
13 45 73 100
14 109 125
15 85
16 91 70
17 30 142
NUMBER_OF_TECHNICIANS = 11
25 107 67 106
32 99 78 97
6 75 68 50
19 72 63
22 4 54 60
20 105 69 15 76 41
47 42 114 96
30 46
15 56 112 20
17 40
24 21
DAY = 5
NUMBER_OF_TRUCKS = 10
1 51 132 10
2 124 23 92
3 119 113 44
4 1
5 49 148
6 7 138 118 65
7 93 87 11
8 71 74
9 137 43 55
10 57 143
NUMBER_OF_TECHNICIANS = 14
19 73 45 109 140
25 100 125
40 91 30
28 144 83 89 5 131
27 130 81 66
30 94 116 101
24 134 98 127
10 136 111
5 145 122
20 70 85 142
6 133 108
2 84
15 22
8 102
DAY = 6
NUMBER_OF_TRUCKS = 6
1 95
2 139 86
3 120 90
4 129 147
5 149 123
6 150 126 77
NUMBER_OF_TECHNICIANS = 9
48 137 74 71
47 87 55 65 44 148
19 11
20 119 10 132 7 43 138
5 57 118 113 51
22 1
15 92 23 49
6 124
2 93 143
DAY = 7
NUMBER_OF_TRUCKS = 4
1 110 121
2 117 141
3 82 115 79
4 146 135 103
NUMBER_OF_TECHNICIANS = 7
32 95 139 86
19 126 150
40 149 123
15 147 129
1 120
2 90
9 77
DAY = 8
NUMBER_OF_TRUCKS = 2
1 88 104
2 128 80
NUMBER_OF_TECHNICIANS = 6
24 110 103 117
49 121 141
27 146
32 82
30 135
2 115 79
DAY = 9
NUMBER_OF_TRUCKS = 0
NUMBER_OF_TECHNICIANS = 3
25 80
47 104
20 128 88
DAY = 10
NUMBER_OF_TRUCKS = 0
NUMBER_OF_TECHNICIANS = 0
