DATASET = CO2018 freestyle 
NAME = Instance 3
DAY = 1
NUMBER_OF_TRUCKS = 4
1 2
2 15
3 3
4 19
NUMBER_OF_TECHNICIANS = 0
DAY = 2
NUMBER_OF_TRUCKS = 12
1 25
2 27
3 16
4 29
5 18 32
6 21
7 22
8 11 4
9 31
10 14
11 8
12 28
NUMBER_OF_TECHNICIANS = 4
71 3
38 15
9 2
40 19
DAY = 3
NUMBER_OF_TRUCKS = 8
1 51
2 42
3 1
4 44 9
5 6
6 13
7 53
8 5
NUMBER_OF_TECHNICIANS = 7
99 25 29 27
38 22 11 4
36 16 32 18
100 8
17 14 31
3 21
40 28
DAY = 4
NUMBER_OF_TRUCKS = 8
1 38 10
2 61
3 62
4 23
5 50
6 45
7 67
8 43 46
NUMBER_OF_TECHNICIANS = 6
7 51 42
25 9 44
57 6
60 1 13
38 5
21 53
DAY = 5
NUMBER_OF_TRUCKS = 15
1 26 85
2 95 34
3 54
4 90 77
5 37
6 17 91
7 56 48
8 33 88
9 63
10 81
11 49 55 59
12 68
13 96
14 66 20
15 12
NUMBER_OF_TECHNICIANS = 7
34 38 10
48 23
27 61
44 67
100 43
45 62 45
17 46 50
DAY = 6
NUMBER_OF_TRUCKS = 15
1 64 78
2 7
3 30
4 112
5 41
6 47
7 92 82
8 86
9 87
10 114 65
11 73
12 57
13 72
14 58 104
15 69
NUMBER_OF_TECHNICIANS = 10
36 34 95 26 85
67 77 88 63 54 90
11 56 48 91 37
100 59 20 66 55
71 81 33
91 17
15 68
18 49
79 12
8 96
DAY = 7
NUMBER_OF_TRUCKS = 24
1 137
2 131
3 106
4 130
5 109
6 127
7 123 135
8 134
9 120 118
10 124
11 84
12 35
13 40
14 74
15 98
16 93
17 121
18 52 128
19 105
20 24
21 70
22 80
23 36 126
24 141
NUMBER_OF_TECHNICIANS = 9
67 92 47 112
36 64 78 7 30
100 73 72
11 82 87 86
55 57
17 65 114 104
91 41
80 69
20 58
DAY = 8
NUMBER_OF_TRUCKS = 18
1 117
2 145
3 89 132
4 76 108
5 71
6 151
7 136
8 129
9 111
10 102 115
11 113
12 79
13 101
14 156
15 97
16 60
17 39 100
18 150
NUMBER_OF_TECHNICIANS = 10
30 137 131
60 130 106 127
67 120 118 134 124
20 105 80 24
53 52 121 128
9 109 123
54 74 35 98 70
10 40 135 84 93
81 126
79 141 36
DAY = 9
NUMBER_OF_TRUCKS = 15
1 119 140
2 103
3 125
4 149
5 148 160
6 161
7 133
8 169 164
9 157
10 139
11 94
12 143
13 83
14 99
15 152
NUMBER_OF_TECHNICIANS = 11
36 145 117 89
67 111 102 136 151
60 132 71 76
17 97 156
91 108 113
25 129
82 39 100
83 115
31 101
55 150
10 60 79
DAY = 10
NUMBER_OF_TRUCKS = 16
1 155
2 110 159
3 185
4 197
5 186
6 172
7 116
8 168 188
9 147 162
10 144
11 182 194
12 176
13 142 170
14 158
15 167 146
16 175 75 163
NUMBER_OF_TECHNICIANS = 7
38 143 94
11 161 133 148
28 119 140 103
41 157
29 160 139 149 125
17 99 83 169
14 152 164
DAY = 11
NUMBER_OF_TRUCKS = 14
1 179
2 107
3 187
4 191
5 209
6 171 177
7 190
8 208
9 174 122 198
10 193
11 154
12 195
13 180
14 173
NUMBER_OF_TECHNICIANS = 8
22 155 185 110
67 147 116 168 188 162 142
91 159 186 172
100 167 170 146 75
11 144 176 158
36 197 194 182
65 175
80 163
DAY = 12
NUMBER_OF_TRUCKS = 16
1 199
2 204
3 202
4 205
5 178 229
6 211
7 227
8 184
9 207
10 196
11 138
12 214
13 231
14 230
15 203
16 166 153
NUMBER_OF_TECHNICIANS = 5
37 177 174 171 190 191 209
71 193 208
49 179 187 107
2 195 154 198 122
20 180 173
DAY = 13
NUMBER_OF_TRUCKS = 14
1 216
2 243
3 234 183
4 247
5 222 210
6 242 240
7 226
8 233
9 245 219
10 235
11 238
12 213
13 200
14 189
NUMBER_OF_TECHNICIANS = 9
43 204 199 202
38 207 184
53 203 166
48 227
49 211 205 229 178
82 153 214
44 231
2 230 138
1 196
DAY = 14
NUMBER_OF_TRUCKS = 14
1 223 241
2 217
3 254
4 239
5 244
6 206
7 165
8 261 221
9 246
10 212
11 258
12 253
13 225
14 220
NUMBER_OF_TECHNICIANS = 10
49 216 243
60 183 234 247
11 222 242 226 245
100 238 233
81 189
51 210
2 219 235
80 200
17 213
3 240
DAY = 15
NUMBER_OF_TRUCKS = 19
1 288 280
2 274
3 215 248
4 250 236
5 285
6 218 266
7 271
8 192
9 265
10 228
11 262
12 255 270
13 278
14 272 286
15 224
16 251
17 181 282
18 252
19 264
NUMBER_OF_TECHNICIANS = 7
91 217 239
10 221 254 246 212 261
60 223 241 206 244
17 225 258
53 220
18 165
44 253
DAY = 16
NUMBER_OF_TRUCKS = 10
1 276
2 273 263
3 281
4 277
5 302 284
6 201 292
7 259 268
8 249 256
9 305
10 269
NUMBER_OF_TECHNICIANS = 11
71 228 262
67 274 250 271 285
35 248 215 218
17 286 272 278
40 181 264 282 251
83 288
88 266
57 192 236
82 252
9 255 280 270 265
10 224
DAY = 17
NUMBER_OF_TRUCKS = 12
1 257
2 301
3 283
4 298
5 307
6 295
7 297
8 232 237
9 267 293
10 322
11 300 304
12 299
NUMBER_OF_TECHNICIANS = 5
38 268 259 277
10 292 201 276 281
3 302 273 263
17 249 256 269
40 305 284
DAY = 18
NUMBER_OF_TRUCKS = 10
1 325 287
2 306
3 332 317
4 318
5 320
6 339
7 326
8 303
9 324
10 333
NUMBER_OF_TECHNICIANS = 8
43 257 301
60 283 295 298
57 322 293 267 307
48 297
38 304
18 232 237
41 300
20 299
DAY = 19
NUMBER_OF_TRUCKS = 17
1 314
2 349
3 357 340
4 312 308
5 291
6 347
7 321
8 327 344
9 319 309
10 331
11 337
12 296
13 316
14 343
15 334
16 260 275
17 330
NUMBER_OF_TECHNICIANS = 6
11 332 306 287 318 317
18 325 320
3 326
14 333
2 303 324
75 339
DAY = 20
NUMBER_OF_TRUCKS = 13
1 350 369
2 364
3 338
4 328
5 352 365
6 311
7 310 290
8 361
9 348
10 351
11 289
12 279
13 360
NUMBER_OF_TECHNICIANS = 9
43 314 357 349
39 347 291 340 308 321 312
38 343 331
100 334 330
18 327 344 296
17 316 309
24 319 337
53 275
40 260
DAY = 21
NUMBER_OF_TRUCKS = 16
1 323
2 380
3 387
4 345 313
5 374
6 329
7 342 373
8 294
9 376 354
10 315
11 375
12 377
13 362
14 358
15 386 366
16 379
NUMBER_OF_TECHNICIANS = 7
35 364 338 328
38 290 310 311
71 361 365 352
34 369 350 348
53 279 360
100 289
2 351
DAY = 22
NUMBER_OF_TRUCKS = 16
1 381 391
2 356
3 403
4 393
5 402
6 382
7 371
8 363
9 389
10 406 409
11 400
12 384 353
13 397
14 346
15 359
16 383
NUMBER_OF_TECHNICIANS = 7
37 374 329 294 313 345
44 375 315 362
22 323 387 380
80 379 366
3 354 386
11 373 342 377 376
65 358
DAY = 23
NUMBER_OF_TRUCKS = 17
1 404
2 385
3 429
4 401
5 418
6 390
7 398
8 394
9 335
10 336
11 410 411
12 399
13 419 423
14 370
15 415 368
16 392
17 378 388
NUMBER_OF_TECHNICIANS = 8
35 402 389 391
11 393 382 371
34 363 381 356
55 359
48 400
38 384 406 409
100 346 353 383
31 403 397
DAY = 24
NUMBER_OF_TRUCKS = 15
1 420
2 426
3 421
4 449
5 372
6 442 434
7 395
8 437
9 355
10 405
11 448 432
12 439
13 341
14 396
15 367
NUMBER_OF_TECHNICIANS = 7
34 404 385
37 401 335 336 429
54 423 419 394 399 368 415
35 418 390
79 388 378 392 411
44 398
57 410 370
DAY = 25
NUMBER_OF_TRUCKS = 4
1 433
2 427
3 422 425
4 417
NUMBER_OF_TECHNICIANS = 8
91 420 449
9 426 421
54 439 405 341 367
18 437 395
21 442
71 434 372 448
17 396 432
11 355
DAY = 26
NUMBER_OF_TRUCKS = 10
1 441
2 438
3 424
4 443 447
5 435
6 450
7 436 407
8 428
9 414 416
10 445
NUMBER_OF_TECHNICIANS = 3
9 433 427
100 425
79 417 422
DAY = 27
NUMBER_OF_TRUCKS = 4
1 408
2 440
3 413 446
4 412 444
NUMBER_OF_TECHNICIANS = 8
75 450
71 436 407 443 447
30 441 438
18 424 435
53 445
65 428
20 414
79 416
DAY = 28
NUMBER_OF_TRUCKS = 2
1 431
2 430
NUMBER_OF_TECHNICIANS = 4
43 408 440 413
31 412
38 446
17 444
DAY = 29
NUMBER_OF_TRUCKS = 0
NUMBER_OF_TECHNICIANS = 2
44 431
54 430
DAY = 30
NUMBER_OF_TRUCKS = 0
NUMBER_OF_TECHNICIANS = 0
