DATASET = CO2018 freestyle 
NAME = Instance 0
DAY = 1
NUMBER_OF_TRUCKS = 2
1 11 0 1
2 12
NUMBER_OF_TECHNICIANS = 0
DAY = 2
NUMBER_OF_TRUCKS = 0
NUMBER_OF_TECHNICIANS = 2
32 1
139 11 12
DAY = 3
NUMBER_OF_TRUCKS = 1
1 25 0 17 24 13
NUMBER_OF_TECHNICIANS = 0
DAY = 4
NUMBER_OF_TRUCKS = 5
1 36 0 2 0 14 0 23 0 6 0 16 0 28 0 63 0 56 35
2 49 0 32 26 0 21 0 37 0 48 51 0 10 3
3 33 0 19 0 41 0 54 38
4 52 0 8 9
5 4 15
NUMBER_OF_TECHNICIANS = 4
81 17
47 25
139 24
27 13
DAY = 5
NUMBER_OF_TRUCKS = 0
NUMBER_OF_TECHNICIANS = 7
139 2 6 33 49 14
9 28 37 19 21 23 36
80 41 10 48 63 26
61 8 52 35 16 56 9
27 51 32 54 15 4
67 38
125 3
DAY = 6
NUMBER_OF_TRUCKS = 12
1 72 46 0 79 0 81 76 0 18 78 0 85 0 60 0 62 39 0 7
2 93 73 0 68 0 40 0 61 31 0 66 30 0 96
3 44 53 0 20 0 58 0 86 0 5
4 70 94 0 29 0 55 0 64 80
5 83 0 84 71 0 22 95
6 82 0 59 88
7 67 91 0 77
8 75 34 65 0 47 74
9 27 42
10 50 57
11 45 89 92
12 69 43
NUMBER_OF_TECHNICIANS = 0
DAY = 7
NUMBER_OF_TRUCKS = 0
NUMBER_OF_TECHNICIANS = 18
139 72 81 46 73 93
9 79 53 85 66 60 40
80 83 55 64 5 68
61 70 62 78 39 7 84
27 86 80 94 31 22 89 67 82
67 57 27 69 50 47
20 61 96 44 30 58
125 65
120 20
100 77 45 91 95 88
86 42
102 76
4 18
47 92 43
32 59
81 71
25 75 34 29
54 74
DAY = 8
NUMBER_OF_TRUCKS = 6
1 108 0 123 100 0 130 0 117
2 101 0 110 0 125
3 98 107 0 127
4 112 0 116
5 99 106
6 118 124
NUMBER_OF_TECHNICIANS = 0
DAY = 9
NUMBER_OF_TRUCKS = 2
1 138 0 145 0 133
2 131
NUMBER_OF_TECHNICIANS = 5
143 117
80 130 110 125 107 98
20 101 108 123 100 106
25 112 124 118 116
67 127 99
DAY = 10
NUMBER_OF_TRUCKS = 0
NUMBER_OF_TECHNICIANS = 1
20 138 133 131 145
DAY = 11
NUMBER_OF_TRUCKS = 11
1 143 167 0 136 0 135 0 155 0 164 0 154 0 132 0 162 181 0 161 0 153 146 0 173 0 183
2 137 0 163 0 109 144 0 129 184 178 0 180 139 0 115 0 151 0 119 0 148 126
3 152 142 0 111 0 134 166 0 147 0 87 0 174 0 168 114
4 122 0 97 0 177 0 140 0 104 176
5 113 169 0 179 121 0 182 0 120
6 128 0 160 0 150
7 102 141 0 156 0 185
8 172 0 158 157 0 90 105
9 159 0 103
10 149 0 186
11 171 165
NUMBER_OF_TECHNICIANS = 0
DAY = 12
NUMBER_OF_TRUCKS = 4
1 195 0 175 0 189 0 187 0 198
2 193 0 190 0 192 194
3 200 199 0 196 197
4 191 0 170 188
NUMBER_OF_TECHNICIANS = 15
139 135 136 137 167 143
9 153 146 147 122 155 154
25 157 159 105 158 102 160 141
20 111 173 183 97 151
102 129 184 166 178 164
80 104 176 169 119 182
81 181 162 148 134 152 142 163 113 180
61 174 87 139 144 126 140
54 90 121 179 156 177 168 149
27 132 109 161 115 150 103 185 128
125 165
18 172
32 114 120
100 186
134 171
DAY = 13
NUMBER_OF_TRUCKS = 2
1 208 215 0 207
2 212 206
NUMBER_OF_TECHNICIANS = 6
9 175 193 200 199 187 189
18 188 191 194
120 195 190
47 192 198 170
80 197
25 196
DAY = 14
NUMBER_OF_TRUCKS = 0
NUMBER_OF_TECHNICIANS = 2
27 206 212 215 208
134 207
DAY = 15
NUMBER_OF_TRUCKS = 11
1 205 0 237 0 255 0 236 0 245 254 0 240 0 223 0 226 229
2 210 243 0 234 204 0 228 0 241 0 250 231
3 217 218 0 201 0 202 0 230
4 219 0 209 242 0 246
5 225 227 0 221
6 213 214 0 216 211
7 203 0 220 247
8 222 0 224
9 239
10 235
11 232
NUMBER_OF_TECHNICIANS = 0
DAY = 16
NUMBER_OF_TRUCKS = 2
1 263
2 261 260
NUMBER_OF_TECHNICIANS = 10
9 236 240 228 255 217 204
139 205 210 245 237 234
61 250 223 201 243 254 231
25 214 229 209 226 219 230 220
86 224
45 247 203 211 213 216
67 227 235 232
18 202 246 242 222
143 241 225 239
20 218 221
DAY = 17
NUMBER_OF_TRUCKS = 1
1 251 267
NUMBER_OF_TECHNICIANS = 3
125 263
100 260
45 261
DAY = 18
NUMBER_OF_TRUCKS = 0
NUMBER_OF_TECHNICIANS = 2
81 251
80 267
DAY = 19
NUMBER_OF_TRUCKS = 14
1 249 0 300 288 0 285 0 290 0 302 0 293 0 269 0 304 0 274 0 280 0 297 264
2 265 0 305 0 248 259 0 271 276 0 281 0 256 0 307 313
3 253 312 0 279 0 292 258 0 233 0 311
4 262 0 277 301 0 299 0 294
5 244 0 282 0 289
6 284 308 0 257 286 0 278
7 296 0 266
8 306 0 268 270
9 275 291 0 298
10 283 0 238 273
11 309 0 287
12 272 0 310
13 252
14 295 303
NUMBER_OF_TECHNICIANS = 0
DAY = 20
NUMBER_OF_TRUCKS = 2
1 324 0 320 322 0 314
2 333
NUMBER_OF_TECHNICIANS = 14
9 281 274 262 297 264 302
139 249 300 305 248 259
45 272 238 273 306 298
25 289 308 284 311 299 268 296
4 288 290 285 253 292
120 271 304 269 293 265 312
61 233 258 307 276 313 256
54 244 301 294 286 257 283 278
80 270 266 277 275 282
46 280
100 287 252 295 310 309
97 279
103 303
27 291
DAY = 21
NUMBER_OF_TRUCKS = 0
NUMBER_OF_TECHNICIANS = 3
97 324 322
80 314 333
4 320
DAY = 22
NUMBER_OF_TRUCKS = 7
1 325 0 318 361 331 0 352 345 0 332 0 340 0 371 0 336 0 370 0 343 357
2 337 368 0 330 319 0 348 0 358 317 0 326 328 0 373
3 365 0 342 0 335 0 323 0 339
4 329 0 369 0 366
5 344 334 0 321
6 341 315 0 351
7 338 0 327 316
NUMBER_OF_TECHNICIANS = 0
DAY = 23
NUMBER_OF_TRUCKS = 2
1 382 383 0 367 0 380 381
2 379 0 378 375
NUMBER_OF_TECHNICIANS = 9
9 345 317 340 337 352 358
139 368 330 361 318 331
80 323 339 319 365 342
102 348 371
54 316 344 334 369 326 366 321
46 336
20 357 328 325 370 332
27 315 351 341 335 373 329 343
100 338 327
DAY = 24
NUMBER_OF_TRUCKS = 0
NUMBER_OF_TECHNICIANS = 4
20 382 383 379 380 367
48 381
18 378
80 375
DAY = 25
NUMBER_OF_TRUCKS = 2
1 404 0 399 0 402 395
2 389
NUMBER_OF_TECHNICIANS = 0
DAY = 26
NUMBER_OF_TRUCKS = 8
1 432 0 374 0 363 0 405 0 360 393 0 346 409 408 0 421 0 349
2 428 0 400 347 0 440 0 397 0 387 355 0 398 422
3 420 417 0 377 0 354 372 0 388
4 392 0 418 356 0 406
5 364 353 0 412 394
6 385 0 362 431
7 423 350 359
8 415 410
NUMBER_OF_TECHNICIANS = 3
102 404
46 399 389
134 395 402
DAY = 27
NUMBER_OF_TRUCKS = 0
NUMBER_OF_TECHNICIANS = 11
9 347 420 417 422 428 400
139 360 409 408 346 363
45 362 431 410 353 423
20 377 349 387 440 405
61 397 392 393 432 374 418
86 385 350
18 398 415 388
32 421 372
25 364 355 356 412 406 394
97 354
100 359
DAY = 28
NUMBER_OF_TRUCKS = 14
1 390 472 0 396 0 451 0 467 475 0 466 427 0 430 0 460 435 0 446 453 0 457
2 443 0 433 461 0 425 0 391 474 0 413 429 0 462 447 441 0 426
3 386 0 469 0 454 0 411 0 437
4 468 0 436 0 476 0 376 448
5 416 0 434 0 401
6 403 0 458 0 463
7 424 0 384 0 477 438
8 470 0 452 0 439
9 455 0 465 450
10 449 0 444 442
11 464 0 456
12 459 0 419
13 414 0 445 407
14 471 473
NUMBER_OF_TECHNICIANS = 0
DAY = 29
NUMBER_OF_TRUCKS = 0
NUMBER_OF_TECHNICIANS = 13
139 443 396 451 472 390
25 455 452 384 437 426 434 463
9 460 391 474 471 469 386
4 433 466 461 475 467
80 436 424 401 416 448
47 403 413 429 454 411 477 470 459 439 476
45 419 407 445 473 438
61 376 453 425 427 462 447
20 435 457 446 441 430
46 468
27 450 465 464 449 444 458
100 456 414
125 442
DAY = 30
NUMBER_OF_TRUCKS = 6
1 488 0 481 480 519 0 511 483 0 485 0 508
2 518 0 487 0 486 0 482
3 479 0 478 0 504
4 491 0 494 490
5 492 520 0 510
6 515 484
NUMBER_OF_TECHNICIANS = 0
DAY = 31
NUMBER_OF_TRUCKS = 0
NUMBER_OF_TECHNICIANS = 5
80 486 494 518 508 479
9 519 487 485 511 488 480
54 515 484 520 492
12 490 482
27 504 491 510 478 483 481
DAY = 32
NUMBER_OF_TRUCKS = 1
1 528 533
NUMBER_OF_TECHNICIANS = 0
DAY = 33
NUMBER_OF_TRUCKS = 4
1 506 0 532 0 505 516 0 521 0 497 501 507
2 493 0 499 509 0 543
3 552 0 556 547
4 498 536
NUMBER_OF_TECHNICIANS = 1
25 533 528
DAY = 34
NUMBER_OF_TRUCKS = 16
1 592 0 588 591 0 529 0 535 0 573 555 0 570 582 0 495 584 0 534 0 568 0 517 0 561
2 525 0 577 565 0 557 548 0 571 0 496 0 566 538 0 576 0 512 574
3 593 0 500 0 523 563 0 581 0 585 567 0 531
4 522 0 546 0 575 550 0 514 541
5 569 0 489 0 560 542 0 513
6 527 579 0 502 0 590
7 539 0 503 545 0 526
8 551 537 587 0 554
9 583 0 586 559
10 578 0 580 553 530
11 544 0 562
12 594 540
13 524
14 549
15 572
16 558 564
NUMBER_OF_TECHNICIANS = 5
125 543
4 505 532 493
139 506 509 556 499 516
143 552 501 497
25 536 547 498 521 507
DAY = 35
NUMBER_OF_TRUCKS = 0
NUMBER_OF_TECHNICIANS = 16
139 529 525 565 577 588
9 548 571 534 522 574 500
102 592 591 573
47 579 527 502 526 550 489 575 585 560 551
20 557 566 538 512 593
80 581 561 558 576 546
45 562 583 559 587 578
134 503 569 563 523 517
54 539 541 514 496 567
8 570 535 568 582 495 584 555
100 544 564 524 540 572 549
143 542
18 537 553 530 586
23 531 590 580 554 513
103 594
85 545
DAY = 36
NUMBER_OF_TRUCKS = 3
1 618 0 596 0 597 0 616 600 0 626 624 603
2 589 0 604 0 637 622 0 630
3 605 0 627
NUMBER_OF_TECHNICIANS = 0
DAY = 37
NUMBER_OF_TRUCKS = 0
NUMBER_OF_TECHNICIANS = 5
80 603 624 618 597 605
9 616 600 589 596 604 626
143 630
134 622 637
54 627
DAY = 38
NUMBER_OF_TRUCKS = 10
1 652 0 648 0 635 0 631 0 599 0 621 641 0 636 0 601 629 0 598 0 650 0 613
2 610 656 0 646 623 0 638 0 654 0 659 0 619 0 632 0 644 628
3 602 0 655 0 653 633 0 634 0 595 0 643
4 657 0 617 0 614 0 609 0 625
5 615 0 606 0 658
6 620 0 612 0 649
7 647 640 0 607
8 642 0 608
9 639 0 645
10 611 0 651
NUMBER_OF_TECHNICIANS = 0
DAY = 39
NUMBER_OF_TRUCKS = 2
1 666 0 667 671 670
2 664 673
NUMBER_OF_TECHNICIANS = 12
9 621 641 655 633 659 598
139 610 652 648 653 656
20 599 635 631 650 613
8 623 646 601 628 629 654 636
45 608 645 649 620 658
80 595 609 612 625 617
61 647 644 602 657 632 634
54 615 638 619 643
100 642 639 651
67 611 614 606
81 640
25 607
DAY = 40
NUMBER_OF_TRUCKS = 0
NUMBER_OF_TECHNICIANS = 3
125 673
23 666 664 667
27 670 671
DAY = 41
NUMBER_OF_TRUCKS = 4
1 688 0 698 0 682 676 0 683 0 680 0 692 675 0 660
2 681 0 669 0 691 0 662
3 696 0 684 689 0 685
4 674
NUMBER_OF_TECHNICIANS = 0
DAY = 42
NUMBER_OF_TRUCKS = 2
1 693 0 687 711 0 700
2 705 0 703 712 715
NUMBER_OF_TECHNICIANS = 5
9 692 676 682 669 698 688
139 683 681 680 696 675
104 674
25 660 662 685 689 684
61 691
DAY = 43
NUMBER_OF_TRUCKS = 0
NUMBER_OF_TECHNICIANS = 4
81 705
4 693 687 711
103 715
25 712 700 703
DAY = 44
NUMBER_OF_TRUCKS = 13
1 707 726 0 708 0 750 0 740 0 725 0 704 694 0 709 0 716 0 730
2 706 0 677 729 0 736 0 732 0 710 0 747
3 723 0 733 749 0 734 0 719 0 731
4 727 0 724 743 0 722 741 0 702
5 690 0 668 678 0 699
6 737 663 0 748 0 665 661
7 721 0 746 744 0 720
8 701 718 0 713
9 738 0 735
10 697 0 695 679
11 728 745 0 672
12 686 0 739 742
13 717 714
NUMBER_OF_TECHNICIANS = 0
DAY = 45
NUMBER_OF_TRUCKS = 0
NUMBER_OF_TECHNICIANS = 14
8 726 707 729 677 706 750 725
25 746 744 701 737 678 742 668
20 740 694 736 704 716
61 730 749 709 732 734 747
80 719 663 699 690 724
12 720 731 702 686 672
139 733 708 723
45 714 718 748 738 735
9 722 741 697 727
134 721 661 710
23 713 728 695 679 739
85 665
67 717
27 743 745
DAY = 46
NUMBER_OF_TRUCKS = 0
NUMBER_OF_TECHNICIANS = 0
DAY = 47
NUMBER_OF_TRUCKS = 0
NUMBER_OF_TECHNICIANS = 0
DAY = 48
NUMBER_OF_TRUCKS = 0
NUMBER_OF_TECHNICIANS = 0
DAY = 49
NUMBER_OF_TRUCKS = 0
NUMBER_OF_TECHNICIANS = 0
DAY = 50
NUMBER_OF_TRUCKS = 0
NUMBER_OF_TECHNICIANS = 0
