DATASET = CO2018 freestyle 
NAME = Instance 4
DAY = 1
NUMBER_OF_TRUCKS = 0
NUMBER_OF_TECHNICIANS = 0
DAY = 2
NUMBER_OF_TRUCKS = 2
1 14
2 18 5
NUMBER_OF_TECHNICIANS = 0
DAY = 3
NUMBER_OF_TRUCKS = 12
1 37 59
2 44 0 28 0 6
3 53 0 57 31
4 24 0 42
5 19 0 36
6 3 0 60 0 55 0 56 48
7 20 0 47
8 9 11 0 15 12
9 32 2 0 43 0 40 41 0 23 8 0 17 0 33 0 29 52 0 27 0 1 30 0 45 0 39 16
10 49 0 38 0 13 7 0 58 0 10 21 0 4 0 50
11 51 0 26
12 35 25 0 34 0 22
NUMBER_OF_TECHNICIANS = 3
75 18
120 14
27 5
DAY = 4
NUMBER_OF_TRUCKS = 1
1 74 69
NUMBER_OF_TECHNICIANS = 13
75 3 55 21 39 50 4 32 49 60
120 42 24 53 22 31 51 47
27 36 34 35
23 23 40 52 16 33 30 8
17 1 17 27 45 29
50 7 13 58 2 43 10 44
24 28 9
83 48 56 25 11 19 15
54 6 38 41 20 59
60 37
47 26
46 57
13 12
DAY = 5
NUMBER_OF_TRUCKS = 0
NUMBER_OF_TECHNICIANS = 2
13 69
83 74
DAY = 6
NUMBER_OF_TRUCKS = 7
1 97
2 72 0 119
3 70 0 75 0 85 0 93 80
4 62 71 0 108 122 0 82 105 0 67 0 66 77 0 91 90
5 95 0 65 0 94 61 76
6 86 0 103 81
7 78 0 100
NUMBER_OF_TECHNICIANS = 0
DAY = 7
NUMBER_OF_TRUCKS = 0
NUMBER_OF_TECHNICIANS = 8
50 80 90 77 82 105 62 122
83 72 65 75 70 76 61
17 66 67 93 71 108
13 94 86 78 119
23 91 95
60 103 81
27 100
75 85 97
DAY = 8
NUMBER_OF_TRUCKS = 14
1 124 104
2 125 147
3 73 145 112
4 87 143 0 99
5 128 146 0 84 121
6 142 0 141 0 144
7 92 0 138 110
8 64 0 113
9 133 0 88 0 131 89 0 148 0 153
10 154 0 139 101
11 106 0 134 120 0 116 0 96 0 152 0 126 0 117 151
12 135 0 46 0 115 0 68 0 123 54 0 137 0 107 0 150 63 0 130 109 0 118 149
13 127 0 140 114 0 79 83 0 98
14 111 132 0 102 0 129 136
NUMBER_OF_TECHNICIANS = 0
DAY = 9
NUMBER_OF_TRUCKS = 1
1 165 0 168 172
NUMBER_OF_TECHNICIANS = 15
17 130 109 150 149 118
50 54 123 116 117 148 88 114
13 142 87 139 132 111 144 127 84
60 124 154 64 128 146 138 121 104
23 46 133 98 89 131 96 68
75 106 152 63 126 135 151 120 136 140
83 102 110 79 83 141 143
54 145 73 113 92 99
24 115 153
27 147
46 137 107
8 101
38 134 129
107 112
64 125
DAY = 10
NUMBER_OF_TRUCKS = 0
NUMBER_OF_TECHNICIANS = 3
75 165
17 168
50 172
DAY = 11
NUMBER_OF_TRUCKS = 15
1 158
2 198 208
3 179
4 185 170
5 207 0 164
6 214 0 175
7 192 0 178 197
8 199 0 176
9 161 213 0 193 0 159 0 166
10 204 0 211
11 169 184 0 196 205 0 182 167
12 162 0 157 183
13 156 180 0 177 155 0 160 0 215 0 216 0 195
14 191 0 190 206 0 212 210 0 187 174 0 202 0 189 0 163 200 0 201 0 186 0 181 194
15 171 0 188 203 0 209 173
NUMBER_OF_TECHNICIANS = 0
DAY = 12
NUMBER_OF_TRUCKS = 0
NUMBER_OF_TECHNICIANS = 15
83 203 207 178 196 205 188
17 186 163 201 181 194
13 197 175 167 171 159 160 193 182
23 200 202 191 195 212 213 190
54 209 206 199 211 173
60 183 157 204 214 192 164 184 162
38 187 210 180 177 166 174
8 198
27 208
64 216 156 155
47 161 169
46 170 179
120 176 189 215
50 185
122 158
DAY = 13
NUMBER_OF_TRUCKS = 1
1 229 0 227 218 0 221
NUMBER_OF_TECHNICIANS = 0
DAY = 14
NUMBER_OF_TRUCKS = 9
1 217
2 231 0 233 0 230
3 269 0 228 225
4 255 245 0 249 0 251
5 260 0 232
6 220 0 235 0 271 262 0 263 223
7 240 0 248
8 226 0 265 0 239
9 236 234 0 246 0 247 252 0 259 222 0 241 272 0 224 0 238 0 270 0 219 257
NUMBER_OF_TECHNICIANS = 3
23 218
38 227
75 221 229
DAY = 15
NUMBER_OF_TRUCKS = 1
1 286 0 289 0 284 0 278 0 285
NUMBER_OF_TECHNICIANS = 12
38 246 234 257 247 252 224
17 241 272 259
24 239 263
54 228 231 230 249 222
64 262 219 238 236 271 226
46 245 233 251 232
60 240 248 255 223 235
107 265
122 260 225 220
75 217
7 270
3 269
DAY = 16
NUMBER_OF_TRUCKS = 1
1 302 307 0 297
NUMBER_OF_TECHNICIANS = 3
7 289 284 278
50 286
83 285
DAY = 17
NUMBER_OF_TRUCKS = 0
NUMBER_OF_TECHNICIANS = 2
7 302
75 307 297
DAY = 18
NUMBER_OF_TRUCKS = 13
1 300
2 317 264
3 303 0 291 258
4 329 0 325 0 237 322
5 256 323 0 243 316
6 242 328 0 283 0 296
7 294 0 305 0 280 0 287 0 318 310
8 277 0 311 0 275 0 299 0 250 0 309 0 276
9 304 301 0 308 268
10 320 0 266 273 0 314 324
11 281 313 0 326 0 274 0 293 0 298
12 267 319 0 253 0 331 0 295 0 290 0 292 312 0 254 282 0 261 288 0 321 0 306 0 330 0 327 315
13 244 0 279
NUMBER_OF_TECHNICIANS = 0
DAY = 19
NUMBER_OF_TRUCKS = 0
NUMBER_OF_TECHNICIANS = 18
38 275 299 287 250 331 295
17 330 315 327 321 306
50 325 298 290 305 280 293 237
7 288 254 282 309 253
54 314 242 324 308 310
83 256 296 281 291 316 258
75 311 276 312 267 326 329 283 322 243
60 301 303 323 273 266 320 328 279
13 313 292 261 274 294
8 317
27 264
23 318
47 300
122 268
64 244
107 319
120 277
114 304
DAY = 20
NUMBER_OF_TRUCKS = 8
1 336 356
2 343 0 358
3 368 352 0 349 337 342 0 341 0 344 353 0 350 0 366 351 0 357 340 332
4 369 0 360 0 365
5 335 0 345 0 355 0 359 0 347 346
6 362 0 333 0 363 334
7 348 0 339 0 361
8 338 0 367
NUMBER_OF_TECHNICIANS = 0
DAY = 21
NUMBER_OF_TRUCKS = 3
1 379
2 374 0 380 0 370 0 377 0 383 0 371 0 372 381
3 376 0 378
NUMBER_OF_TECHNICIANS = 11
13 365 360 369 335 352 334 339 336
17 366 341 353
7 351 344 337 349
83 347 355 345 348 343 358
23 332 362 361 346
50 342 357 359 340
27 356
60 338
3 363
75 368 333 350
64 367
DAY = 22
NUMBER_OF_TRUCKS = 1
1 388 0 390 391 0 393
NUMBER_OF_TECHNICIANS = 4
17 371 377 383
38 380 372 370
60 379 376 381 378
13 374
DAY = 23
NUMBER_OF_TRUCKS = 0
NUMBER_OF_TECHNICIANS = 2
17 391 390
83 388 393
DAY = 24
NUMBER_OF_TRUCKS = 1
1 403
NUMBER_OF_TECHNICIANS = 0
DAY = 25
NUMBER_OF_TRUCKS = 12
1 420
2 400 0 419
3 364 373 0 404 384
4 411 0 385
5 431 415 0 406
6 434 428 0 416 0 410 395
7 442 0 392
8 396 413 0 394 408 0 414 354 0 402 446 0 425 0 401 438 0 405 0 432 422 0 397
9 417 0 389 0 443 418 0 445 0 424 0 430 382
10 387 0 421 398
11 409 0 386 0 407 0 426 0 412 399
12 435 444 0 375
NUMBER_OF_TECHNICIANS = 1
47 403
DAY = 26
NUMBER_OF_TRUCKS = 0
NUMBER_OF_TECHNICIANS = 12
50 417 430 445 386 416 434 428
23 425 422 408 396 399 389 402
114 442 406 415 431 385 373 411
75 382 413 394 405 397 401 438 424 407
83 404 395 412 443 419 384
54 400 392 364 409 446
7 432 414 426 354
8 421 420
64 418 410
122 387
60 375 398
107 444 435
DAY = 27
NUMBER_OF_TRUCKS = 3
1 455 452
2 464 451
3 454 485 0 467 0 463 0 460 0 488 0 456
NUMBER_OF_TECHNICIANS = 0
DAY = 28
NUMBER_OF_TRUCKS = 0
NUMBER_OF_TECHNICIANS = 4
38 460 463 456 467 464
60 455 452
13 488 454 485
64 451
DAY = 29
NUMBER_OF_TRUCKS = 17
1 495
2 475
3 490
4 476 470
5 492 447
6 491 497
7 459 0 462
8 471 0 469 0 461
9 501 519 0 472 450
10 507 457 0 509 479 0 483 436
11 474 498 0 477 468
12 496 0 429 0 482 0 449
13 513 0 494 486 0 433 0 517 0 439 0 512 0 503
14 500 0 441 0 453 493 0 473 520 0 487 499
15 508 0 466 0 478 489 0 458 0 514 0 423 0 465 502 0 518 0 504 0 440 481 0 484
16 437 0 505
17 506 0 515 516 0 448 0 427 0 511 0 510 480
NUMBER_OF_TECHNICIANS = 0
DAY = 30
NUMBER_OF_TRUCKS = 0
NUMBER_OF_TECHNICIANS = 16
75 520 473 453 480 511 517 466 441 499
17 481 440 484 465 504
38 508 478 423 458 493 427
50 510 448 513 487 429 479 509
83 436 483 449 500 501 450
7 518 502 503 433 486 514
13 471 472 506 494 496 469 461 519
120 505 495 457 507 516 474 498
8 490 492
54 515 439 512 482 437
3 459 462
27 470 447 491 477
47 468 476
64 489
114 497
46 475
DAY = 31
NUMBER_OF_TRUCKS = 1
1 527 522
NUMBER_OF_TECHNICIANS = 0
DAY = 32
NUMBER_OF_TRUCKS = 10
1 536
2 570 0 567 571
3 558 0 549
4 533 0 521 559 0 563 534 0 553 544
5 526 566 0 556 540 0 557 0 546 0 531 538 0 532 0 564 0 537 0 539 550
6 562 568 0 554 0 535
7 529 569 0 552
8 551 0 530 0 543 0 541 525 0 528 0 560 542
9 523 0 524 0 565 555
10 547 0 545 0 548 0 561
NUMBER_OF_TECHNICIANS = 2
24 527
114 522
DAY = 33
NUMBER_OF_TRUCKS = 0
NUMBER_OF_TECHNICIANS = 12
75 553 543 541 525 533 548 542 540 546
17 537 539 550 531 564
83 562 570 523 535 565 524
38 534 530 551 563 557 532
54 554 567 526 566 545
13 568 555 538 559 547
3 544
47 529 558
64 560 528 556
114 552 571 561
27 536 521 569
107 549
DAY = 34
NUMBER_OF_TRUCKS = 1
1 572
NUMBER_OF_TECHNICIANS = 0
DAY = 35
NUMBER_OF_TRUCKS = 7
1 598
2 590 0 577
3 595 0 580 0 579 0 589 592
4 585 0 573 599
5 578 0 575
6 588 0 583 0 582 0 600 0 591 0 587 0 581 0 593 0 574 0 594
7 584 0 586 597 0 576 596
NUMBER_OF_TECHNICIANS = 1
50 572
DAY = 36
NUMBER_OF_TRUCKS = 0
NUMBER_OF_TECHNICIANS = 6
17 593 587 574 594 581
83 584 595 579 590 578 575
13 577 592 589 583 591 588 600 580
54 573 576 596 597 586
60 585 582 599
64 598
DAY = 37
NUMBER_OF_TRUCKS = 0
NUMBER_OF_TECHNICIANS = 0
DAY = 38
NUMBER_OF_TRUCKS = 0
NUMBER_OF_TECHNICIANS = 0
DAY = 39
NUMBER_OF_TRUCKS = 0
NUMBER_OF_TECHNICIANS = 0
DAY = 40
NUMBER_OF_TRUCKS = 0
NUMBER_OF_TECHNICIANS = 0
