DATASET = CO2018 freestyle
NAME = Instance 7

DAYS = 20
TRUCK_CAPACITY = 15
TRUCK_MAX_DISTANCE = 2000

TRUCK_DISTANCE_COST = 10000
TRUCK_DAY_COST = 100000
TRUCK_COST = 100000
TECHNICIAN_DISTANCE_COST = 10000
TECHNICIAN_DAY_COST = 1000
TECHNICIAN_COST = 100

MACHINES = 3
1 4 89
2 6 812
3 8 717

LOCATIONS = 106
1 728 704
2 555 481
3 229 329
4 233 224
5 207 373
6 475 669
7 196 337
8 498 742
9 179 336
10 257 467
11 676 726
12 194 355
13 252 365
14 321 471
15 289 445
16 271 406
17 561 658
18 293 343
19 252 341
20 285 644
21 313 485
22 235 341
23 460 441
24 510 15
25 458 148
26 471 555
27 406 241
28 292 309
29 561 30
30 204 184
31 592 437
32 262 306
33 646 325
34 240 303
35 536 327
36 540 426
37 293 593
38 320 467
39 330 449
40 233 342
41 302 236
42 311 473
43 715 441
44 168 292
45 280 303
46 271 314
47 309 422
48 361 387
49 566 380
50 315 608
51 281 375
52 583 200
53 356 399
54 239 352
55 497 403
56 234 359
57 185 370
58 456 370
59 110 212
60 400 282
61 308 469
62 316 485
63 568 166
64 581 211
65 524 110
66 466 309
67 356 374
68 364 385
69 229 375
70 655 615
71 306 328
72 187 223
73 393 281
74 261 477
75 522 427
76 365 247
77 318 385
78 301 434
79 601 707
80 307 466
81 207 335
82 220 341
83 315 458
84 478 377
85 202 334
86 230 378
87 552 202
88 331 517
89 399 397
90 554 686
91 354 223
92 578 400
93 644 381
94 518 271
95 258 340
96 267 206
97 510 303
98 589 478
99 451 194
100 198 184
101 557 507
102 682 392
103 436 430
104 251 340
105 266 470
106 295 462

REQUESTS = 300
1 101 1 3 2 1
2 51 1 3 2 2
3 101 1 2 1 2
4 77 1 5 3 1
5 97 1 2 3 1
6 74 1 2 1 3
7 63 1 3 2 2
8 55 1 3 1 1
9 45 1 4 3 1
10 97 1 2 3 1
11 34 1 6 1 2
12 5 1 6 2 1
13 62 1 4 2 1
14 5 1 6 1 2
15 23 1 3 2 1
16 92 1 4 2 1
17 87 2 5 2 1
18 86 2 5 3 1
19 66 2 6 2 2
20 54 2 5 2 2
21 15 2 6 2 2
22 25 2 5 1 2
23 64 2 3 1 2
24 9 2 6 3 1
25 42 2 6 1 1
26 26 2 3 1 2
27 88 2 4 2 1
28 7 2 4 3 1
29 99 2 4 2 2
30 59 2 7 3 1
31 58 2 6 1 1
32 101 2 4 1 1
33 93 2 4 2 1
34 38 2 3 3 1
35 2 2 3 3 1
36 38 2 7 2 2
37 96 2 5 2 1
38 79 3 7 1 1
39 89 3 4 2 2
40 101 3 4 3 1
41 97 3 8 3 1
42 92 3 8 3 1
43 24 3 7 2 2
44 85 3 5 2 2
45 57 3 5 2 1
46 2 3 8 2 1
47 79 3 8 3 1
48 54 3 7 1 3
49 66 3 8 1 1
50 11 3 7 3 1
51 55 3 7 3 1
52 101 3 8 1 2
53 54 3 8 3 1
54 13 3 8 3 1
55 61 3 5 3 1
56 81 3 5 1 1
57 40 3 4 3 1
58 97 3 4 2 1
59 65 3 7 1 3
60 78 3 5 2 1
61 9 3 7 3 1
62 46 3 4 3 1
63 7 3 5 3 1
64 21 4 8 3 1
65 88 4 6 1 1
66 73 4 7 1 2
67 75 4 8 3 1
68 89 4 7 1 2
69 22 4 6 2 2
70 29 4 7 3 1
71 26 4 7 1 1
72 65 4 8 2 2
73 4 4 8 3 1
74 56 4 6 3 1
75 8 4 8 1 1
76 60 4 7 3 1
77 85 4 6 3 1
78 94 4 6 1 2
79 34 4 6 1 3
80 17 4 8 1 2
81 87 4 8 1 3
82 58 4 8 3 1
83 74 4 8 1 2
84 14 4 9 3 1
85 35 4 9 3 1
86 30 4 7 2 2
87 70 4 8 1 1
88 57 4 9 3 1
89 80 4 8 1 1
90 63 4 7 3 1
91 37 5 8 3 1
92 42 5 6 1 2
93 90 5 7 2 2
94 49 5 8 3 1
95 15 5 8 1 3
96 71 5 10 3 1
97 58 5 9 1 2
98 79 5 8 1 1
99 14 5 6 1 2
100 5 5 10 2 2
101 64 5 7 1 3
102 66 5 9 1 3
103 60 5 10 1 1
104 27 5 6 2 1
105 31 5 6 2 2
106 17 6 9 3 1
107 66 6 7 1 1
108 53 6 10 3 1
109 81 6 8 3 1
110 61 6 8 3 1
111 89 6 9 1 3
112 94 6 7 3 1
113 51 6 7 2 2
114 8 6 8 2 1
115 90 6 7 1 3
116 21 6 8 1 3
117 29 6 7 3 1
118 36 6 9 2 2
119 24 6 9 1 3
120 10 6 8 2 1
121 6 6 7 3 1
122 65 6 7 2 2
123 72 6 9 1 2
124 41 6 7 1 3
125 92 6 11 1 3
126 97 6 10 3 1
127 55 7 10 2 2
128 8 7 11 3 1
129 24 7 11 3 1
130 54 7 8 1 3
131 58 7 12 1 2
132 25 7 9 1 3
133 40 7 12 1 3
134 27 7 11 3 1
135 84 7 10 3 1
136 2 7 11 1 2
137 12 7 11 3 1
138 37 7 10 1 2
139 82 7 9 1 3
140 88 7 11 3 1
141 10 7 8 3 1
142 72 7 9 3 1
143 59 7 9 1 3
144 18 8 10 2 2
145 12 8 10 3 1
146 97 8 13 2 1
147 71 8 10 3 1
148 75 8 11 3 1
149 48 8 12 1 3
150 77 8 9 2 2
151 31 8 12 1 3
152 23 8 10 2 1
153 87 8 12 2 1
154 48 8 10 2 1
155 91 8 9 3 1
156 65 8 11 2 1
157 73 8 13 3 1
158 98 8 10 3 1
159 94 8 11 3 1
160 56 8 10 1 1
161 2 8 12 1 1
162 3 8 12 1 1
163 72 8 9 3 1
164 56 8 11 2 1
165 41 8 11 3 1
166 11 8 10 3 1
167 45 8 11 1 2
168 68 9 14 1 2
169 45 9 11 3 1
170 91 9 13 2 2
171 25 9 13 2 1
172 19 9 14 2 2
173 32 9 10 3 1
174 65 9 13 2 2
175 84 9 14 3 1
176 65 9 12 2 2
177 101 9 13 2 2
178 10 9 10 2 2
179 34 9 12 1 2
180 92 9 14 1 1
181 66 9 11 3 1
182 40 9 12 3 1
183 53 9 14 3 1
184 5 9 13 3 1
185 83 9 14 1 2
186 58 9 10 3 1
187 17 9 13 1 2
188 59 9 12 2 2
189 96 9 10 3 1
190 33 9 13 2 1
191 73 9 13 1 2
192 15 9 12 2 2
193 29 10 14 1 1
194 94 10 14 3 1
195 40 10 11 1 2
196 90 10 13 3 1
197 86 10 13 3 1
198 69 10 11 3 1
199 29 10 13 2 2
200 46 10 12 3 1
201 28 10 13 2 2
202 34 10 15 3 1
203 89 10 14 2 2
204 33 10 11 3 1
205 73 10 15 1 2
206 32 10 12 3 1
207 13 10 14 3 1
208 30 10 11 2 2
209 90 11 15 2 1
210 83 11 16 3 1
211 11 11 13 1 1
212 7 11 14 3 1
213 66 11 13 2 1
214 93 11 12 2 1
215 54 11 14 3 1
216 96 11 13 1 2
217 100 11 12 3 1
218 19 11 13 2 1
219 26 11 13 2 1
220 98 11 16 1 3
221 95 11 13 2 2
222 69 11 13 1 1
223 37 11 14 3 1
224 24 11 16 2 1
225 44 11 16 2 1
226 57 11 13 3 1
227 21 11 14 2 1
228 60 11 13 1 2
229 80 11 12 3 1
230 45 11 12 2 2
231 66 11 12 2 1
232 30 11 12 2 1
233 42 11 12 3 1
234 4 11 12 3 1
235 43 12 17 2 2
236 8 12 17 2 2
237 86 12 17 3 1
238 7 12 14 2 1
239 10 12 15 3 1
240 73 12 17 3 1
241 46 12 14 3 1
242 42 12 17 3 1
243 18 12 16 1 3
244 53 12 16 1 2
245 77 12 16 3 1
246 87 12 13 2 2
247 69 12 16 1 3
248 17 12 13 2 2
249 22 12 16 2 2
250 93 12 17 1 1
251 18 12 17 1 1
252 6 12 13 2 1
253 5 12 16 2 2
254 18 12 16 3 1
255 24 12 13 3 1
256 12 12 17 1 3
257 13 12 17 2 2
258 24 12 14 1 2
259 68 13 14 2 1
260 7 13 16 3 1
261 41 13 18 2 1
262 48 13 14 3 1
263 84 13 16 3 1
264 64 13 17 1 2
265 43 13 16 1 3
266 3 13 18 2 2
267 37 13 15 3 1
268 72 13 14 1 2
269 86 13 18 1 2
270 47 13 18 3 1
271 52 13 14 2 1
272 30 13 15 3 1
273 94 13 14 3 1
274 100 13 14 3 1
275 36 13 17 3 1
276 56 13 14 1 3
277 99 13 16 2 2
278 38 13 18 1 1
279 2 13 17 2 1
280 6 13 15 2 2
281 54 14 18 2 2
282 83 14 16 1 3
283 39 14 15 3 1
284 33 14 18 1 1
285 55 14 18 1 1
286 44 14 15 2 2
287 83 14 15 3 1
288 67 14 19 2 1
289 67 14 17 1 3
290 45 14 17 3 1
291 86 14 19 1 3
292 50 14 17 1 2
293 53 14 18 3 1
294 82 14 15 1 3
295 94 14 18 3 1
296 75 14 18 2 1
297 40 14 15 1 2
298 63 14 16 3 1
299 7 14 15 3 1
300 39 14 16 1 1

TECHNICIANS = 75
1 7 811 8 0 0 1
2 99 807 6 1 1 1
3 82 595 7 1 0 1
4 1 323 7 0 0 1
5 51 1227 6 0 1 1
6 102 1145 7 0 1 1
7 103 477 5 1 1 1
8 1 468 9 0 0 1
9 38 426 6 0 1 1
10 93 938 8 1 0 0
11 1 616 10 0 0 1
12 51 483 9 0 0 1
13 1 980 10 1 1 1
14 45 1302 8 1 1 0
15 1 1251 5 1 1 1
16 104 519 5 0 1 1
17 105 793 8 1 1 1
18 57 1152 10 0 0 1
19 1 653 9 0 1 0
20 5 387 8 1 1 0
21 1 942 7 1 1 1
22 1 392 6 1 1 1
23 93 1234 6 0 0 1
24 75 1100 7 0 1 0
25 24 509 7 1 0 0
26 1 1266 7 1 1 0
27 1 772 7 1 0 0
28 72 355 5 0 0 1
29 85 172 6 1 1 0
30 1 1454 6 1 1 0
31 93 456 7 1 1 1
32 2 952 5 1 1 0
33 1 281 10 1 1 0
34 39 160 7 0 1 1
35 1 984 10 1 1 1
36 1 1253 8 0 1 1
37 1 1361 10 1 0 0
38 1 1004 5 1 0 0
39 1 1389 5 1 0 1
40 49 895 5 0 1 0
41 1 859 10 0 1 1
42 46 1364 7 1 1 1
43 56 1055 10 1 0 0
44 78 1426 7 1 1 1
45 1 557 10 1 1 0
46 1 1234 7 0 1 1
47 1 1388 10 1 0 0
48 1 1283 9 1 0 0
49 10 323 7 0 0 1
50 1 344 9 1 0 0
51 1 1206 10 1 1 1
52 1 834 6 0 1 1
53 1 705 10 1 1 1
54 1 961 8 1 1 1
55 27 1420 9 1 1 1
56 1 1382 8 1 1 1
57 1 751 6 1 0 1
58 50 1149 10 0 1 1
59 85 1239 9 1 1 1
60 31 1388 9 0 0 1
61 1 205 10 1 1 1
62 90 989 10 1 1 1
63 23 1499 6 0 1 1
64 1 388 8 1 1 0
65 87 1325 5 0 0 1
66 1 273 9 0 1 1
67 1 1172 5 1 1 1
68 1 500 9 0 1 0
69 1 645 6 1 1 0
70 106 1030 5 1 0 1
71 1 610 8 0 0 1
72 33 921 6 1 0 1
73 1 419 5 1 0 0
74 85 1235 7 1 1 1
75 98 911 7 1 1 1

