DATASET = CO2018 freestyle
NAME = Instance 2

DAYS = 20
TRUCK_CAPACITY = 15
TRUCK_MAX_DISTANCE = 2000

TRUCK_DISTANCE_COST = 100
TRUCK_DAY_COST = 10000
TRUCK_COST = 10000
TECHNICIAN_DISTANCE_COST = 10000
TECHNICIAN_DAY_COST = 10
TECHNICIAN_COST = 100

MACHINES = 3
1 8 961
2 7 581
3 4 725

LOCATIONS = 106
1 232 360
2 433 333
3 306 451
4 569 444
5 554 686
6 597 401
7 315 539
8 292 268
9 389 261
10 485 519
11 332 451
12 227 339
13 450 384
14 281 303
15 343 563
16 420 302
17 534 639
18 370 448
19 665 495
20 566 510
21 738 565
22 534 465
23 525 528
24 263 319
25 282 640
26 485 257
27 446 283
28 286 383
29 182 340
30 552 698
31 210 329
32 674 376
33 526 314
34 521 313
35 622 576
36 547 109
37 395 376
38 215 261
39 464 662
40 288 432
41 371 273
42 731 594
43 437 200
44 199 379
45 662 356
46 760 475
47 757 590
48 547 678
49 326 270
50 221 419
51 567 692
52 200 307
53 269 307
54 199 379
55 518 761
56 625 700
57 395 414
58 327 326
59 321 475
60 534 41
61 350 228
62 294 433
63 189 372
64 242 364
65 384 436
66 243 329
67 202 194
68 359 229
69 205 357
70 241 329
71 534 113
72 262 491
73 335 513
74 326 229
75 295 237
76 317 484
77 227 328
78 476 369
79 189 366
80 242 346
81 634 446
82 288 544
83 194 378
84 319 467
85 292 471
86 291 466
87 341 366
88 507 715
89 293 465
90 476 209
91 513 27
92 576 169
93 424 329
94 228 341
95 677 375
96 278 365
97 161 313
98 623 334
99 299 434
100 540 221
101 490 572
102 629 732
103 443 669
104 591 532
105 663 547
106 362 404

REQUESTS = 300
1 33 1 4 1 1
2 48 1 3 1 1
3 24 1 5 1 1
4 43 1 5 2 2
5 84 1 2 3 1
6 80 1 6 2 1
7 68 1 5 3 3
8 61 1 4 3 1
9 96 1 5 3 1
10 24 1 6 2 1
11 45 1 2 3 2
12 6 1 4 2 2
13 47 1 3 1 1
14 98 1 4 2 1
15 2 1 5 1 1
16 37 1 4 2 2
17 76 1 6 3 1
18 32 1 3 2 1
19 85 1 4 1 1
20 73 2 7 1 1
21 77 2 5 2 1
22 36 2 6 1 1
23 86 2 3 1 1
24 14 2 7 2 1
25 13 2 5 1 1
26 61 2 3 1 1
27 47 2 7 2 2
28 36 2 5 2 2
29 79 2 5 1 1
30 83 2 4 2 1
31 32 2 4 3 2
32 80 2 3 1 1
33 48 2 4 1 1
34 88 2 5 3 3
35 74 2 3 1 1
36 92 2 7 1 1
37 17 3 6 3 1
38 10 3 5 3 3
39 56 3 4 1 1
40 57 3 7 2 1
41 68 3 7 2 2
42 26 3 5 3 3
43 36 3 8 2 2
44 10 3 8 2 2
45 35 3 4 1 1
46 23 3 8 2 2
47 91 3 4 2 1
48 46 3 7 2 2
49 32 3 4 1 1
50 26 3 7 2 1
51 78 3 5 1 1
52 65 3 7 1 1
53 83 3 7 2 1
54 9 4 9 2 2
55 79 4 5 3 3
56 58 4 9 1 1
57 27 4 9 1 1
58 24 4 8 3 2
59 62 4 7 3 1
60 84 4 7 2 1
61 97 4 9 3 2
62 43 4 5 2 1
63 20 4 9 2 2
64 87 4 5 2 1
65 17 4 9 2 2
66 95 4 5 3 2
67 55 4 8 2 1
68 97 4 7 1 1
69 60 4 5 1 1
70 99 4 7 1 1
71 40 4 7 3 1
72 89 4 5 1 1
73 28 4 7 3 1
74 87 4 6 2 1
75 34 4 7 1 1
76 95 4 8 3 3
77 13 4 8 1 1
78 98 4 8 1 1
79 72 4 7 3 3
80 84 5 6 3 1
81 96 5 8 1 1
82 12 5 9 1 1
83 43 5 8 1 1
84 4 5 6 2 2
85 93 5 8 3 3
86 48 5 6 2 2
87 62 5 7 2 2
88 86 5 7 3 1
89 43 5 6 1 1
90 46 5 10 2 1
91 87 5 9 2 2
92 36 5 7 2 2
93 15 5 8 2 1
94 28 5 8 1 1
95 58 5 9 2 1
96 31 5 9 2 2
97 12 5 9 2 2
98 30 5 9 3 3
99 74 5 10 1 1
100 16 5 9 2 2
101 25 5 10 1 1
102 24 5 10 3 1
103 8 5 8 3 1
104 70 5 6 1 1
105 38 5 10 1 1
106 41 5 7 2 2
107 14 5 9 3 3
108 87 5 6 2 2
109 23 6 9 3 1
110 81 6 11 2 2
111 6 6 10 3 3
112 80 6 8 1 1
113 16 6 10 1 1
114 62 6 7 3 3
115 20 6 11 3 1
116 26 6 9 3 3
117 19 6 7 2 2
118 50 6 9 3 3
119 37 6 11 1 1
120 53 6 7 2 1
121 34 6 11 1 1
122 63 6 8 1 1
123 83 6 7 2 2
124 23 6 8 1 1
125 32 6 11 1 1
126 72 6 9 1 1
127 55 6 9 3 3
128 80 6 9 1 1
129 16 6 10 1 1
130 77 6 9 2 1
131 23 6 8 2 1
132 3 6 11 2 1
133 57 6 7 3 1
134 23 6 10 3 2
135 85 6 10 1 1
136 56 6 11 3 2
137 46 6 10 1 1
138 14 6 9 2 1
139 55 6 10 3 2
140 16 6 11 3 2
141 12 6 9 2 1
142 3 7 12 2 2
143 57 7 8 3 1
144 73 7 9 3 2
145 68 7 11 3 1
146 26 7 9 2 1
147 61 7 9 1 1
148 66 7 9 2 2
149 29 7 12 2 1
150 90 7 10 1 1
151 81 7 10 1 1
152 79 7 9 3 3
153 61 7 9 3 1
154 76 7 9 1 1
155 10 7 12 2 2
156 10 7 8 3 1
157 37 7 10 3 1
158 42 7 10 3 2
159 51 7 11 3 1
160 84 7 11 2 1
161 85 8 12 2 2
162 26 8 13 3 2
163 50 8 9 2 2
164 4 8 10 1 1
165 73 8 9 2 1
166 68 8 12 2 2
167 85 8 11 3 2
168 76 8 12 2 2
169 24 8 12 1 1
170 81 8 13 3 3
171 48 8 10 3 3
172 75 8 11 2 1
173 79 8 10 2 2
174 19 8 12 2 2
175 63 8 12 1 1
176 14 8 11 1 1
177 52 8 11 1 1
178 82 8 13 1 1
179 56 8 11 3 1
180 17 9 10 1 1
181 71 9 12 2 1
182 84 9 11 3 1
183 59 9 11 1 1
184 57 9 14 3 2
185 46 9 12 2 2
186 98 9 13 3 1
187 63 9 12 1 1
188 63 9 11 3 3
189 62 9 14 2 1
190 10 9 13 1 1
191 41 9 10 1 1
192 71 9 10 3 2
193 93 9 10 1 1
194 94 9 10 2 1
195 100 9 13 3 1
196 87 9 11 1 1
197 21 9 14 2 1
198 43 9 12 1 1
199 4 9 11 3 3
200 71 9 10 1 1
201 41 10 14 3 2
202 46 10 15 1 1
203 7 10 13 3 2
204 99 10 12 2 2
205 7 10 15 1 1
206 26 10 12 2 2
207 32 10 14 3 2
208 80 10 15 1 1
209 36 10 14 2 1
210 87 10 13 2 1
211 36 10 11 3 1
212 57 10 13 3 2
213 83 10 11 2 2
214 65 10 11 2 2
215 88 10 14 1 1
216 85 11 13 1 1
217 69 11 14 2 1
218 38 11 13 1 1
219 85 11 14 2 1
220 71 11 14 3 2
221 60 11 12 1 1
222 8 11 13 1 1
223 25 11 14 3 1
224 79 11 15 2 1
225 81 11 12 2 2
226 70 11 12 2 1
227 62 11 15 3 3
228 60 11 15 3 3
229 40 11 13 2 1
230 25 11 13 2 1
231 25 11 13 2 2
232 23 12 15 3 2
233 50 12 15 1 1
234 61 12 13 1 1
235 98 12 15 3 1
236 68 12 14 2 2
237 44 12 13 3 2
238 9 12 13 2 2
239 2 12 15 2 1
240 35 12 16 1 1
241 18 12 14 1 1
242 41 12 13 1 1
243 61 12 14 2 2
244 40 12 14 3 3
245 98 12 17 3 1
246 56 12 14 3 1
247 53 12 15 3 2
248 56 12 15 1 1
249 4 12 14 1 1
250 65 12 15 3 2
251 55 12 13 1 1
252 5 12 13 1 1
253 47 12 16 1 1
254 38 12 13 1 1
255 83 12 13 3 3
256 56 12 14 1 1
257 60 12 13 2 2
258 28 12 17 3 1
259 43 13 18 1 1
260 76 13 18 2 1
261 44 13 18 3 3
262 90 13 15 1 1
263 58 13 18 2 2
264 27 13 14 1 1
265 101 13 15 2 1
266 2 13 15 3 3
267 71 13 15 1 1
268 85 13 17 2 2
269 33 13 14 1 1
270 40 13 18 1 1
271 73 13 14 1 1
272 69 13 18 1 1
273 7 13 14 3 1
274 71 13 14 1 1
275 17 13 14 3 1
276 84 13 16 3 2
277 48 13 17 2 2
278 78 13 18 2 2
279 42 14 17 2 1
280 84 14 17 2 2
281 56 14 18 2 1
282 10 14 16 3 2
283 57 14 18 2 2
284 64 14 17 1 1
285 95 14 19 3 1
286 63 14 17 3 1
287 20 14 17 3 3
288 52 14 16 3 1
289 56 14 15 2 1
290 61 14 18 3 1
291 96 14 16 3 3
292 100 14 17 1 1
293 98 14 15 1 1
294 92 14 19 1 1
295 58 14 16 3 3
296 27 14 15 1 1
297 34 14 16 1 1
298 76 14 18 1 1
299 43 14 15 1 1
300 15 14 18 3 3

TECHNICIANS = 75
1 1 834 10 1 1 0
2 1 464 10 0 1 1
3 1 406 9 1 0 1
4 67 1387 8 1 1 0
5 90 519 8 0 0 1
6 1 1039 5 0 1 1
7 89 1023 8 1 0 0
8 3 962 10 1 1 0
9 13 1025 6 0 1 1
10 1 488 10 1 1 0
11 1 1480 10 1 0 0
12 54 801 5 0 1 1
13 76 1407 8 0 1 1
14 47 895 9 0 0 1
15 102 777 6 0 1 1
16 28 995 5 1 0 1
17 1 683 5 1 0 0
18 1 243 9 0 1 1
19 1 1397 10 1 0 1
20 33 1230 7 0 1 0
21 1 893 5 1 0 1
22 1 1038 8 0 1 0
23 1 747 9 1 0 0
24 103 869 10 0 0 1
25 1 709 9 0 1 1
26 1 437 8 1 1 0
27 1 579 10 0 0 1
28 3 1407 7 1 0 0
29 81 464 5 0 1 0
30 1 905 9 0 0 1
31 1 820 8 1 0 0
32 1 1500 5 1 0 1
33 1 741 8 0 0 1
34 1 860 7 0 1 0
35 99 252 8 1 0 1
36 27 1490 8 0 1 1
37 1 638 10 1 0 0
38 1 911 7 0 1 0
39 1 997 8 1 0 0
40 1 806 5 1 0 0
41 20 1340 5 1 1 0
42 1 816 8 0 0 1
43 6 388 10 1 0 1
44 104 1497 9 1 0 1
45 1 1262 5 1 0 0
46 1 919 7 0 1 0
47 1 932 10 1 0 0
48 28 423 8 1 1 0
49 1 1446 8 1 0 1
50 1 1258 6 1 0 1
51 63 608 7 1 0 0
52 1 675 6 1 1 0
53 1 448 8 1 1 0
54 105 639 9 1 0 1
55 1 154 10 0 1 0
56 1 921 9 1 0 0
57 1 627 6 1 0 0
58 91 873 10 0 1 0
59 1 1309 5 1 0 1
60 19 737 7 1 0 1
61 1 685 7 0 1 1
62 27 931 7 1 0 0
63 1 367 9 0 1 1
64 1 653 10 0 0 1
65 65 869 7 1 1 0
66 1 573 7 0 0 1
67 106 714 6 0 1 0
68 1 774 7 0 1 1
69 37 1155 8 1 1 0
70 31 1425 10 0 0 1
71 1 428 7 0 0 1
72 1 499 5 1 0 1
73 11 546 10 0 1 1
74 1 169 7 1 0 1
75 1 647 8 0 1 1

