DATASET = STUDENT SET
NAME = STUDENT005

DAYS = 15
TRUCK_CAPACITY = 15
TRUCK_MAX_DISTANCE = 750

TRUCK_DISTANCE_COST = 10
TRUCK_DAY_COST = 250
TRUCK_COST = 100000
TECHNICIAN_DISTANCE_COST = 5
TECHNICIAN_DAY_COST = 400
TECHNICIAN_COST = 20000

MACHINES = 3
1 2 224
2 1 413
3 4 194

LOCATIONS = 40
1 161 215
2 78 172
3 167 226
4 103 60
5 99 100
6 22 54
7 83 170
8 74 187
9 58 157
10 94 167
11 103 103
12 59 86
13 72 173
14 142 119
15 112 252
16 113 267
17 49 146
18 144 66
19 88 140
20 38 134
21 91 160
22 63 86
23 65 180
24 59 130
25 51 137
26 66 150
27 70 137
28 189 258
29 113 137
30 151 133
31 49 118
32 23 62
33 101 102
34 50 135
35 136 174
36 87 154
37 82 187
38 116 173
39 71 234
40 156 265

REQUESTS = 30
1 5 1 2 3 2
2 7 1 2 1 3
3 3 1 3 1 5
4 10 1 3 3 1
5 10 1 2 3 2
6 29 2 4 3 3
7 22 2 4 1 2
8 23 2 3 3 2
9 17 2 3 1 3
10 26 2 5 2 5
11 5 3 6 2 1
12 28 3 4 1 4
13 30 4 5 2 1
14 29 4 6 3 2
15 22 6 7 3 2
16 6 6 8 2 1
17 8 7 9 1 5
18 26 7 9 2 2
19 24 7 10 3 1
20 17 7 9 1 4
21 29 8 10 3 1
22 26 8 11 2 1
23 17 8 9 3 1
24 10 9 11 1 3
25 10 9 10 2 5
26 6 10 12 3 3
27 22 10 12 3 2
28 28 10 11 1 2
29 31 10 11 1 3
30 7 10 13 3 2

TECHNICIANS = 10
1 32 654 4 1 1 1
2 33 741 5 0 1 1
3 34 125 6 1 1 1
4 35 481 5 0 1 1
5 36 379 7 1 1 1
6 14 439 4 1 1 0
7 37 599 5 1 1 0
8 38 105 7 1 1 0
9 39 270 7 1 0 0
10 40 737 5 1 1 1

