DATASET = STUDENT SET
NAME = STUDENT004

DAYS = 15
TRUCK_CAPACITY = 15
TRUCK_MAX_DISTANCE = 750

TRUCK_DISTANCE_COST = 10
TRUCK_DAY_COST = 250
TRUCK_COST = 100000
TECHNICIAN_DISTANCE_COST = 5
TECHNICIAN_DAY_COST = 400
TECHNICIAN_COST = 20000

MACHINES = 3
1 2 314
2 4 425
3 3 345

LOCATIONS = 40
1 131 5
2 117 125
3 125 22
4 71 207
5 172 255
6 50 120
7 94 116
8 76 214
9 44 133
10 109 192
11 175 239
12 93 148
13 91 146
14 59 124
15 74 80
16 49 143
17 82 141
18 76 175
19 185 223
20 138 262
21 121 128
22 73 186
23 174 133
24 105 152
25 110 96
26 151 246
27 128 275
28 54 129
29 57 85
30 76 97
31 87 144
32 64 96
33 80 176
34 56 126
35 8 69
36 166 270
37 134 135
38 117 138
39 140 183
40 65 117

REQUESTS = 30
1 7 1 4 3 2
2 11 1 3 1 2
3 6 1 3 3 2
4 24 1 3 3 3
5 29 1 2 2 2
6 12 1 2 2 1
7 7 2 3 2 2
8 14 2 4 3 2
9 29 2 4 3 2
10 20 2 5 3 1
11 15 3 6 3 1
12 11 3 6 3 3
13 7 3 4 2 1
14 23 4 5 1 5
15 22 4 7 2 2
16 29 4 6 3 5
17 3 5 6 2 3
18 22 5 6 2 3
19 11 5 8 3 4
20 30 6 8 3 4
21 8 6 7 2 3
22 26 7 9 3 4
23 23 7 8 1 2
24 5 7 8 1 1
25 12 7 9 1 5
26 4 8 10 3 4
27 6 8 9 2 1
28 22 8 9 1 1
29 22 9 12 2 1
30 24 9 10 3 5

TECHNICIANS = 10
1 32 584 4 1 1 1
2 33 95 7 0 0 1
3 34 571 5 0 0 1
4 27 315 4 1 0 0
5 35 748 4 0 0 1
6 36 472 5 1 0 1
7 37 537 7 1 1 0
8 38 582 4 1 0 1
9 39 302 6 1 1 1
10 40 429 6 1 0 0

