DATASET = STUDENT SET
NAME = STUDENT009

DAYS = 15
TRUCK_CAPACITY = 15
TRUCK_MAX_DISTANCE = 750

TRUCK_DISTANCE_COST = 10
TRUCK_DAY_COST = 250
TRUCK_COST = 100000
TECHNICIAN_DISTANCE_COST = 5
TECHNICIAN_DAY_COST = 400
TECHNICIAN_COST = 20000

MACHINES = 3
1 2 392
2 4 322
3 3 401

LOCATIONS = 39
1 86 186
2 118 99
3 78 177
4 136 158
5 164 279
6 99 100
7 116 97
8 140 13
9 164 271
10 160 231
11 136 46
12 57 129
13 120 77
14 104 154
15 178 164
16 173 295
17 77 96
18 65 186
19 85 89
20 50 137
21 77 178
22 83 206
23 127 283
24 61 127
25 10 77
26 48 113
27 169 194
28 61 123
29 67 116
30 171 291
31 99 122
32 169 272
33 81 169
34 102 133
35 56 130
36 81 179
37 139 147
38 61 131
39 77 176

REQUESTS = 30
1 5 1 2 2 1
2 26 1 3 1 4
3 11 2 4 3 4
4 7 3 4 1 5
5 4 3 6 2 2
6 16 3 5 3 2
7 20 3 4 1 5
8 26 3 5 2 3
9 24 3 5 1 4
10 25 3 4 2 1
11 26 4 5 2 3
12 26 4 5 3 1
13 22 4 6 1 5
14 30 6 9 1 2
15 6 6 7 3 5
16 23 6 8 1 3
17 16 7 10 3 2
18 22 7 10 1 5
19 19 8 11 2 3
20 28 8 11 2 3
21 13 8 9 1 2
22 23 8 10 3 1
23 19 8 9 2 3
24 12 8 9 2 1
25 27 9 12 3 1
26 8 9 12 3 2
27 12 10 13 3 1
28 25 10 11 3 2
29 30 10 13 3 4
30 11 10 12 2 2

TECHNICIANS = 10
1 32 386 4 1 1 1
2 33 290 7 1 1 1
3 34 533 7 1 1 1
4 17 433 5 1 1 1
5 35 106 5 1 0 1
6 36 239 5 1 1 1
7 37 592 6 1 1 1
8 38 697 4 0 1 1
9 39 686 7 1 1 1
10 26 595 5 0 0 1

