DATASET = STUDENT SET
NAME = STUDENT006

DAYS = 15
TRUCK_CAPACITY = 15
TRUCK_MAX_DISTANCE = 750

TRUCK_DISTANCE_COST = 10
TRUCK_DAY_COST = 250
TRUCK_COST = 100000
TECHNICIAN_DISTANCE_COST = 5
TECHNICIAN_DAY_COST = 400
TECHNICIAN_COST = 20000

MACHINES = 3
1 3 142
2 1 403
3 3 316

LOCATIONS = 40
1 58 124
2 143 130
3 134 167
4 95 122
5 107 266
6 79 121
7 60 137
8 74 207
9 100 157
10 81 190
11 61 80
12 76 209
13 92 143
14 98 180
15 95 129
16 146 67
17 49 125
18 53 129
19 91 145
20 83 88
21 157 124
22 112 268
23 72 205
24 136 157
25 166 244
26 106 158
27 75 183
28 183 221
29 104 152
30 68 82
31 54 137
32 160 149
33 119 138
34 70 94
35 76 222
36 145 267
37 152 231
38 129 218
39 104 163
40 139 134

REQUESTS = 30
1 7 1 3 2 4
2 27 1 2 3 4
3 14 1 4 2 5
4 14 1 3 3 4
5 7 2 4 3 5
6 30 2 3 1 4
7 24 2 4 1 3
8 27 2 3 3 4
9 28 3 6 3 4
10 2 3 6 2 2
11 29 3 6 2 1
12 19 4 6 1 4
13 4 4 7 2 4
14 5 4 7 2 4
15 15 5 8 3 5
16 3 5 6 1 2
17 24 5 6 2 4
18 15 5 8 2 4
19 13 5 7 2 2
20 25 7 8 2 3
21 3 7 8 2 2
22 21 8 9 2 5
23 26 8 9 1 3
24 19 9 12 1 5
25 12 9 12 2 2
26 7 9 12 2 3
27 26 9 11 3 3
28 7 9 11 3 3
29 17 10 13 3 5
30 13 10 11 3 1

TECHNICIANS = 10
1 32 296 6 1 1 1
2 33 569 7 1 1 1
3 34 275 4 1 0 0
4 35 357 6 1 1 1
5 36 540 5 1 0 1
6 37 579 5 1 0 1
7 38 177 7 0 1 0
8 39 720 7 1 0 1
9 7 133 7 1 1 1
10 40 377 5 1 0 0

