DATASET = STUDENT SET
NAME = STUDENT010

DAYS = 15
TRUCK_CAPACITY = 15
TRUCK_MAX_DISTANCE = 750

TRUCK_DISTANCE_COST = 10
TRUCK_DAY_COST = 250
TRUCK_COST = 100000
TECHNICIAN_DISTANCE_COST = 5
TECHNICIAN_DAY_COST = 400
TECHNICIAN_COST = 20000

MACHINES = 3
1 2 436
2 1 337
3 3 224

LOCATIONS = 41
1 57 155
2 126 116
3 123 13
4 76 176
5 49 126
6 133 268
7 57 129
8 92 169
9 139 137
10 131 115
11 38 108
12 63 97
13 71 187
14 89 207
15 111 75
16 67 189
17 66 140
18 72 165
19 55 106
20 166 271
21 57 151
22 53 144
23 69 218
24 56 129
25 68 138
26 90 162
27 77 163
28 117 81
29 73 89
30 61 114
31 126 116
32 107 106
33 75 127
34 116 248
35 76 250
36 147 151
37 117 138
38 78 173
39 103 135
40 99 141
41 74 158

REQUESTS = 30
1 31 1 3 2 3
2 14 1 2 2 4
3 15 1 4 3 4
4 3 3 4 3 3
5 4 3 5 2 2
6 18 3 5 2 3
7 11 4 5 3 1
8 16 4 5 1 3
9 31 4 5 1 4
10 28 4 7 3 5
11 28 4 7 3 4
12 13 4 7 1 3
13 21 4 6 1 1
14 27 6 8 2 5
15 15 7 9 3 5
16 25 7 8 1 2
17 4 7 10 2 2
18 31 7 8 1 5
19 23 7 9 3 4
20 23 7 10 1 5
21 26 8 9 3 5
22 3 8 11 1 4
23 12 9 10 3 2
24 24 9 12 1 1
25 6 9 12 1 1
26 26 9 10 1 2
27 19 10 13 3 1
28 29 10 12 3 3
29 15 10 12 3 5
30 22 10 12 2 4

TECHNICIANS = 10
1 32 243 4 1 1 1
2 33 217 5 1 1 0
3 34 136 5 0 0 1
4 35 592 4 0 1 0
5 36 392 6 1 0 1
6 37 469 4 1 1 0
7 38 576 7 0 1 1
8 39 469 7 1 1 1
9 40 640 5 1 1 1
10 41 720 5 1 1 1

