DATASET = STUDENT SET
NAME = STUDENT008

DAYS = 15
TRUCK_CAPACITY = 15
TRUCK_MAX_DISTANCE = 750

TRUCK_DISTANCE_COST = 10
TRUCK_DAY_COST = 250
TRUCK_COST = 100000
TECHNICIAN_DISTANCE_COST = 5
TECHNICIAN_DAY_COST = 400
TECHNICIAN_COST = 20000

MACHINES = 3
1 2 119
2 2 275
3 3 422

LOCATIONS = 38
1 47 144
2 74 174
3 89 137
4 135 131
5 117 144
6 127 23
7 74 185
8 76 218
9 166 246
10 136 260
11 58 143
12 145 128
13 65 170
14 172 216
15 87 207
16 175 168
17 125 76
18 49 117
19 60 126
20 115 168
21 140 135
22 91 80
23 142 223
24 187 221
25 46 120
26 69 201
27 137 10
28 125 268
29 133 12
30 44 136
31 124 121
32 130 108
33 111 75
34 171 170
35 140 188
36 151 245
37 96 98
38 141 259

REQUESTS = 30
1 13 1 3 2 4
2 31 1 2 1 1
3 21 1 2 1 1
4 9 2 5 2 5
5 18 2 4 2 3
6 7 2 4 1 3
7 9 3 5 1 1
8 24 3 6 3 5
9 28 4 6 1 2
10 12 4 6 3 4
11 6 5 8 3 3
12 8 5 6 1 3
13 10 6 8 3 1
14 12 6 8 1 3
15 30 6 9 1 5
16 21 6 8 2 3
17 27 6 8 1 3
18 17 6 8 3 2
19 29 7 8 2 5
20 21 7 10 1 1
21 25 7 8 2 3
22 31 7 8 2 5
23 15 9 10 2 2
24 9 9 12 3 4
25 9 9 12 1 3
26 30 10 13 1 4
27 23 10 12 1 4
28 14 10 13 1 4
29 12 10 11 3 2
30 14 10 12 3 1

TECHNICIANS = 10
1 32 126 4 1 0 0
2 15 437 5 0 1 0
3 33 616 7 0 1 1
4 34 674 7 0 1 0
5 35 145 6 1 1 0
6 2 634 7 1 1 1
7 36 227 4 1 1 1
8 4 168 7 1 1 0
9 37 300 4 0 1 1
10 38 403 6 1 1 0

