DATASET = STUDENT SET
NAME = STUDENT007

DAYS = 15
TRUCK_CAPACITY = 15
TRUCK_MAX_DISTANCE = 750

TRUCK_DISTANCE_COST = 10
TRUCK_DAY_COST = 250
TRUCK_COST = 100000
TECHNICIAN_DISTANCE_COST = 5
TECHNICIAN_DAY_COST = 400
TECHNICIAN_COST = 20000

MACHINES = 3
1 2 254
2 1 437
3 4 492

LOCATIONS = 41
1 86 151
2 47 135
3 55 82
4 139 129
5 58 119
6 56 84
7 132 196
8 154 253
9 74 116
10 68 228
11 95 150
12 67 193
13 122 249
14 178 165
15 137 15
16 71 174
17 95 143
18 98 102
19 176 229
20 166 187
21 62 124
22 139 286
23 72 173
24 79 130
25 76 250
26 46 146
27 55 101
28 57 125
29 73 222
30 48 140
31 58 163
32 98 160
33 59 120
34 136 1
35 185 236
36 126 242
37 62 127
38 41 134
39 58 142
40 75 92
41 116 116

REQUESTS = 30
1 4 1 2 3 3
2 12 1 4 3 3
3 18 1 4 2 4
4 16 2 3 1 5
5 25 2 3 3 3
6 14 2 4 1 4
7 2 2 4 3 1
8 6 2 5 1 4
9 13 2 4 1 5
10 2 2 4 1 4
11 8 2 3 2 1
12 31 3 4 2 4
13 26 3 5 3 1
14 19 3 5 3 2
15 6 3 6 3 1
16 6 3 5 3 2
17 11 4 6 3 2
18 14 4 5 3 2
19 14 4 6 3 1
20 19 4 5 3 2
21 14 5 6 2 1
22 27 5 6 1 1
23 25 5 7 2 4
24 30 5 7 2 3
25 29 5 6 1 4
26 23 8 9 2 4
27 3 9 11 3 3
28 8 9 10 2 2
29 31 9 12 1 2
30 19 10 13 3 2

TECHNICIANS = 10
1 32 141 6 1 1 1
2 33 196 7 0 1 1
3 34 405 4 0 1 1
4 35 509 5 1 0 0
5 36 625 4 0 0 1
6 37 581 4 0 1 0
7 38 641 4 0 1 1
8 39 640 5 0 1 1
9 40 398 6 0 1 0
10 41 258 4 1 0 0

